-2.183470000000000133e-01 -3.677449999999999886e-01 1.615530000000000022e-01 3.958329999999999904e-01 1.032519999999999966e-01 4.489994413453151645e-01 4.496476790601598994e-01 7.721505464528315432e-01
-1.517840000000000023e-01 -3.821570000000000245e-01 1.148310000000000025e-01 4.166670000000000096e-01 8.739800000000000346e-02 -4.886619471161611772e-01 4.475101975458692927e-01 -7.489620314362398501e-01
-9.507200000000000373e-02 -3.144259999999999833e-01 1.182760000000000061e-01 4.166670000000000096e-01 8.739800000000000346e-02 8.655749573209625680e-01 -1.852374021029928319e-01 -4.652602477334034092e-01
-1.358930000000000138e-01 -2.515890000000000071e-01 9.048699999999999799e-02 3.750000000000000000e-01 1.190739999999999993e-01 1.588417085952270047e-01 -3.111815726560500095e-01 -9.369820384883890130e-01
-8.860700000000000520e-02 -1.884709999999999996e-01 7.754099999999999882e-02 4.166670000000000096e-01 8.739800000000000346e-02 -4.833658399540932127e-01 1.098358635933793792e-01 8.685007471696096770e-01
-1.329430000000000056e-01 -1.222059999999999952e-01 7.281300000000000272e-02 3.750000000000000000e-01 1.190739999999999993e-01 7.901037082890016716e-01 5.482028729087000674e-01 2.742439430190143357e-01
-1.285840000000000038e-01 -9.104099999999999693e-02 -2.043000000000000111e-03 4.166670000000000096e-01 8.739800000000000346e-02 -4.814773693194087101e-01 4.125718040234456763e-01 7.732813520046254441e-01
-1.147579999999999989e-01 -6.832000000000000399e-03 -3.848999999999999991e-03 4.166670000000000096e-01 8.739800000000000346e-02 3.047838065133041674e-01 1.880899436319238005e-01 9.336642889132048539e-01
-5.117900000000000227e-02 1.254300000000000033e-02 -5.906000000000000139e-02 4.166670000000000096e-01 8.739800000000000346e-02 2.547591325497824410e-01 7.825755974891963618e-01 5.680433245773681694e-01
2.199800000000000019e-02 -2.163599999999999898e-02 -4.023700000000000193e-02 3.958329999999999904e-01 1.032519999999999966e-01 -4.096903941661351189e-01 -4.461175617341148203e-01 7.956964886440086593e-01
7.011199999999999377e-02 1.622399999999999884e-02 5.472999999999999567e-03 3.958329999999999904e-01 1.032519999999999966e-01 4.052603782774699681e-01 4.474746361634823755e-01 -7.972016531523005156e-01
1.330759999999999998e-01 -2.349400000000000099e-02 1.518700000000000085e-02 3.958329999999999904e-01 1.032519999999999966e-01 4.053181206367956202e-01 4.475890657641684034e-01 -7.971080537115496911e-01
1.298950000000000105e-01 -8.981000000000000094e-02 -2.366800000000000154e-02 4.166670000000000096e-01 8.739800000000000346e-02 -4.033756578347891253e-01 -4.495898007732289647e-01 7.969674332788255766e-01
5.962800000000000045e-02 -8.745799999999999408e-02 -5.807099999999999762e-02 4.166670000000000096e-01 8.739800000000000346e-02 -4.059839020186149505e-01 -4.490632877767602449e-01 7.959392155641447086e-01
1.883269999999999944e-01 -1.501790000000000069e-01 -2.832000000000000142e-02 4.166670000000000096e-01 8.739800000000000346e-02 4.081286114974771451e-01 3.692532653882282800e-01 -8.349150031453929088e-01
2.597269999999999857e-01 -1.319829999999999892e-01 1.718300000000000036e-02 4.166670000000000096e-01 8.739800000000000346e-02 -1.214029512211230455e-01 9.790681096318941679e-01 -1.633614401767777558e-01
2.464820000000000066e-01 -1.210100000000000064e-01 1.014889999999999959e-01 4.166670000000000096e-01 8.739800000000000346e-02 2.042624746382845080e-01 -9.650152071328920167e-01 1.643851923285834515e-01
3.245020000000000127e-01 -1.032730000000000037e-01 1.388419999999999932e-01 4.166670000000000096e-01 8.739800000000000346e-02 -4.966428947794094828e-01 5.617395879056980013e-01 6.616603890551899791e-01
3.566159999999999886e-01 -3.130899999999999656e-02 1.029950000000000032e-01 4.166670000000000096e-01 8.739800000000000346e-02 -4.539094592516433879e-01 5.513741184866601808e-01 6.999662736624808757e-01
3.486170000000000102e-01 2.318800000000000028e-02 5.486400000000000304e-02 3.750000000000000000e-01 1.190739999999999993e-01 0.000000000000000000e+00 0.000000000000000000e+00 1.000000000000000000e+00
4.297309999999999741e-01 -1.659199999999999911e-02 1.388020000000000087e-01 3.958329999999999904e-01 1.032519999999999966e-01 -4.535155327236761735e-01 5.540218042630421502e-01 6.981285712384815989e-01
4.786549999999999971e-01 4.743499999999999800e-02 1.197830000000000006e-01 4.166670000000000096e-01 8.739800000000000346e-02 6.653318856157035555e-01 -3.064223096845063998e-01 6.807634318253771299e-01
4.738589999999999747e-01 1.182430000000000009e-01 1.563660000000000050e-01 4.166670000000000096e-01 8.739800000000000346e-02 6.649917859500151796e-01 -3.066768020938941963e-01 6.809811037587397697e-01
5.223809999999999842e-01 1.768699999999999994e-01 1.353739999999999943e-01 4.166670000000000096e-01 8.739800000000000346e-02 6.650848782732933229e-01 -3.063200209985569855e-01 6.810507686124743776e-01
5.738309999999999800e-01 1.609049999999999925e-01 7.792599999999999527e-02 4.166670000000000096e-01 8.739800000000000346e-02 6.649175138975889077e-01 -3.068733407501973431e-01 6.809650890090203079e-01
5.837569999999999704e-01 9.389899999999999636e-02 3.805399999999999755e-02 4.166670000000000096e-01 8.739800000000000346e-02 6.637685035570883851e-01 -3.064367873224719818e-01 6.822813708881886319e-01
5.327389999999999626e-01 3.629000000000000281e-02 6.193200000000000094e-02 4.166670000000000096e-01 8.739800000000000346e-02 6.650835020640084583e-01 -3.070525547870704974e-01 6.807221635006510674e-01
6.402160000000000073e-01 8.094700000000000506e-02 -2.256899999999999878e-02 4.166670000000000096e-01 8.739800000000000346e-02 6.627554655619709578e-01 -3.038943125107306242e-01 6.844000582198731530e-01
6.451740000000000252e-01 7.585999999999999861e-03 -5.974399999999999850e-02 4.166670000000000096e-01 8.739800000000000346e-02 -6.601843134781764100e-01 3.035335051511608428e-01 -6.870400887051636429e-01
7.259370000000000545e-01 2.887100000000000083e-02 -1.279639999999999944e-01 6.770829999999999904e-01 2.466480000000000061e-01 0.000000000000000000e+00 0.000000000000000000e+00 1.000000000000000000e+00
7.355530000000000124e-01 1.317699999999999982e-01 -9.174400000000000610e-02 4.166670000000000096e-01 8.739800000000000346e-02 -6.590339035653969280e-01 3.074700496605951017e-01 -6.863938246466576576e-01
6.867079999999999851e-01 1.383890000000000120e-01 -4.188100000000000156e-02 3.958329999999999904e-01 1.032519999999999966e-01 -6.602449688377651782e-01 3.034015316794623773e-01 -6.870400946807794229e-01
7.933750000000000524e-01 1.745520000000000127e-01 -1.280969999999999887e-01 3.958329999999999904e-01 1.032519999999999966e-01 2.343623295554714825e-01 -7.938087149171938472e-01 -5.611969552722517740e-01
8.634979999999999878e-01 1.646489999999999898e-01 -8.481900000000000550e-02 4.166670000000000096e-01 8.739800000000000346e-02 2.336132109817040947e-01 -7.945548088970629808e-01 -5.604529626234207029e-01
8.529390000000000027e-01 1.210610000000000019e-01 -2.743500000000000105e-02 3.750000000000000000e-01 1.190739999999999993e-01 0.000000000000000000e+00 0.000000000000000000e+00 1.000000000000000000e+00
9.389650000000000496e-01 2.006400000000000128e-01 -1.043960000000000027e-01 4.166670000000000096e-01 8.739800000000000346e-02 -4.035318886978194741e-01 8.990545773539719843e-01 -1.698907935788216972e-01
-1.832479999999999942e-01 3.011300000000000088e-02 -2.302900000000000086e-02 3.750000000000000000e-01 1.190739999999999993e-01 4.496768446324205248e-01 4.260904766104913755e-01 -7.850080516423216803e-01
-2.219589999999999896e-01 -2.006000000000000144e-02 -7.243700000000000139e-02 4.166670000000000096e-01 8.739800000000000346e-02 5.227616666022483205e-01 -1.437175748858135482e-01 -8.402770368159422354e-01
-2.115720000000000101e-01 -9.534199999999999620e-02 -3.213900000000000090e-02 4.166670000000000096e-01 8.739800000000000346e-02 -5.199288175712863946e-01 -4.251171873623182940e-02 8.531510876913981356e-01
-2.171569999999999889e-01 -1.574659999999999949e-01 -8.153499999999999637e-02 3.750000000000000000e-01 1.190739999999999993e-01 6.967200843425301882e-01 -4.837785078140630635e-01 5.296597770748084910e-01
-2.981210000000000249e-01 3.514000000000000196e-03 -7.852800000000000058e-02 3.750000000000000000e-01 1.190739999999999993e-01 2.784729195752387865e-01 9.445871371298895092e-01 1.738044114284848507e-01
-3.185209999999999986e-01 2.312499999999999972e-02 -1.524240000000000039e-01 4.166670000000000096e-01 8.739800000000000346e-02 7.384550159436042982e-01 -3.681198624306260877e-03 -6.742926947583071096e-01
-3.817539999999999822e-01 -2.358000000000000027e-02 -1.870400000000000118e-01 4.166670000000000096e-01 8.739800000000000346e-02 7.902192643274705830e-01 -1.536501741458367876e-01 -5.932496424530784296e-01
-3.618669999999999942e-01 -9.993799999999999906e-02 -2.010319999999999885e-01 3.750000000000000000e-01 1.190739999999999993e-01 8.686848616926283739e-01 1.391257516594910926e-01 4.754267938297554452e-01
-4.065190000000000192e-01 1.471100000000000012e-02 -2.608840000000000048e-01 4.166670000000000096e-01 8.739800000000000346e-02 -1.154151939511475350e-01 -7.641439602985041768e-01 -6.346363848256234563e-01
-4.788100000000000134e-01 5.501500000000000140e-02 -2.507969999999999922e-01 3.958329999999999904e-01 1.032519999999999966e-01 -2.322611802768867195e-01 -9.504724062653869820e-01 -2.065355878885586083e-01
-3.448030000000000261e-01 6.667299999999999616e-02 -2.946090000000000098e-01 4.166670000000000096e-01 8.739800000000000346e-02 6.876119821808615029e-01 -5.701163170634793165e-01 4.496188908167462750e-01
-3.245709999999999984e-01 1.310850000000000071e-01 -2.394390000000000129e-01 4.166670000000000096e-01 8.739800000000000346e-02 4.291350966815859480e-01 -8.855014665494179704e-01 1.781297884546989840e-01
-3.431759999999999811e-01 1.078510000000000024e-01 -1.573529999999999929e-01 4.166670000000000096e-01 8.739800000000000346e-02 9.974227758970805047e-01 -2.859255690989499776e-02 -6.580480082119290197e-02
-3.012730000000000130e-01 1.460559999999999914e-01 -1.025269999999999931e-01 3.750000000000000000e-01 1.190739999999999993e-01 1.003183907877342601e-01 -8.506402601678304531e-01 5.160885275331793531e-01
-3.449070000000000191e-01 1.772330000000000017e-01 -4.265800000000000147e-02 4.166670000000000096e-01 8.739800000000000346e-02 9.604485437522722879e-01 1.647982754705347441e-01 2.244551697022754144e-01
-3.252669999999999728e-01 1.400170000000000026e-01 2.311200000000000060e-02 3.750000000000000000e-01 1.190739999999999993e-01 8.912852607481273060e-01 4.533407797720551691e-01 -9.629193569965775398e-03
-3.412890000000000090e-01 1.729769999999999919e-01 9.185500000000000609e-02 4.166670000000000096e-01 8.739800000000000346e-02 7.199383278907587336e-01 -1.058826229940747210e-01 6.859137512703421535e-01
-4.077489999999999726e-01 1.272149999999999948e-01 1.277079999999999882e-01 4.166670000000000096e-01 8.739800000000000346e-02 -3.126803329620259086e-01 8.180727667283925753e-01 4.826882614235706859e-01
-4.756239999999999912e-01 1.288420000000000121e-01 7.934700000000000086e-02 3.958329999999999904e-01 1.032519999999999966e-01 -3.183654354955880450e-01 -5.417373091710733224e-01 7.779229636241556944e-01
-3.629419999999999868e-01 2.552349999999999897e-01 9.348900000000000265e-02 4.166670000000000096e-01 8.739800000000000346e-02 3.932708206942187590e-01 3.308551062155339895e-01 8.578303796681505666e-01
-3.158400000000000096e-01 2.966779999999999973e-01 3.354499999999999843e-02 4.166670000000000096e-01 8.739800000000000346e-02 3.989577412679878310e-01 -9.163321580884045137e-01 3.417743020463056419e-02
-3.383559999999999901e-01 2.625970000000000248e-01 -4.274399999999999727e-02 4.166670000000000096e-01 8.739800000000000346e-02 7.245770996934999264e-01 2.327064987460104872e-01 -6.487185152599923565e-01
-4.096360000000000001e-01 2.994899999999999785e-01 -6.609900000000000497e-02 3.958329999999999904e-01 1.032519999999999966e-01 -5.563247124705824609e-01 6.353670418898596517e-02 8.285323780730146082e-01
-2.387930000000000053e-01 2.906509999999999927e-01 4.923999999999999905e-02 3.750000000000000000e-01 1.190739999999999993e-01 2.635619950353218499e-02 9.696734241579159086e-01 2.429790139695039985e-01
-4.410660000000000136e-01 2.686870000000000092e-01 8.385599999999999998e-02 3.750000000000000000e-01 1.190739999999999993e-01 2.049643565299785752e-01 7.017712961601927368e-01 -6.822804851656649738e-01
-2.412019999999999997e-01 1.400109999999999966e-01 -2.418540000000000134e-01 3.958329999999999904e-01 1.032519999999999966e-01 2.588042910614609116e-01 -5.364278016318884124e-01 8.032842290027573107e-01
-2.450000000000000094e-02 -1.827419999999999878e-01 1.350919999999999899e-01 4.166670000000000096e-01 8.739800000000000346e-02 -7.962105748937294003e-02 -9.718778000772075876e-01 -2.216168516186463322e-01
-4.117799999999999933e-02 -2.219079999999999941e-01 2.095180000000000098e-01 4.166670000000000096e-01 8.739800000000000346e-02 9.118165428671979322e-01 -2.008471699692832291e-01 3.581214967982808139e-01
-7.683500000000000052e-02 -3.002440000000000109e-01 2.017879999999999951e-01 4.166670000000000096e-01 8.739800000000000346e-02 7.339511370794474798e-01 -6.261048941831517389e-01 2.632648663602698558e-01
-1.456699999999999939e-01 -2.999100000000000099e-01 2.434900000000000120e-01 3.750000000000000000e-01 1.190739999999999993e-01 3.922648275806434603e-01 6.585513988301483490e-01 6.422136405760807687e-01
-8.283300000000000385e-02 -1.756860000000000088e-01 2.603059999999999818e-01 3.750000000000000000e-01 1.190739999999999993e-01 7.679812706818484047e-01 -1.152652776144644231e-02 6.403685712460119861e-01
4.872400000000000342e-02 -2.093639999999999946e-01 1.016959999999999947e-01 3.958329999999999904e-01 1.032519999999999966e-01 -5.969765183400984609e-01 -7.914584231344569121e-01 -1.311968025527028847e-01
-2.438589999999999924e-01 -4.149959999999999760e-01 1.858980000000000077e-01 0.000000000000000000e+00 0.000000000000000000e+00 0.000000000000000000e+00 0.000000000000000000e+00 1.000000000000000000e+00
-2.550740000000000229e-01 -3.255890000000000173e-01 1.405039999999999900e-01 0.000000000000000000e+00 0.000000000000000000e+00 0.000000000000000000e+00 0.000000000000000000e+00 1.000000000000000000e+00
-1.694859999999999978e-01 -3.947919999999999763e-01 5.462800000000000294e-02 0.000000000000000000e+00 0.000000000000000000e+00 0.000000000000000000e+00 0.000000000000000000e+00 1.000000000000000000e+00
-1.251670000000000005e-01 -4.357230000000000270e-01 1.370770000000000044e-01 0.000000000000000000e+00 0.000000000000000000e+00 0.000000000000000000e+00 0.000000000000000000e+00 1.000000000000000000e+00
-4.538799999999999779e-02 -3.313749999999999751e-01 8.366600000000000426e-02 0.000000000000000000e+00 0.000000000000000000e+00 0.000000000000000000e+00 0.000000000000000000e+00 1.000000000000000000e+00
-6.239999999999999714e-02 -1.979599999999999971e-01 2.018500000000000155e-02 0.000000000000000000e+00 0.000000000000000000e+00 8.008693119150768203e-01 5.302955929401893531e-01 2.781994416617041832e-01
-9.020100000000000340e-02 -1.258120000000000072e-01 -3.730900000000000188e-02 0.000000000000000000e+00 0.000000000000000000e+00 7.786185888029010238e-01 5.461941462095498689e-01 3.089094492193459329e-01
-9.484199999999999575e-02 1.459000000000000054e-02 5.407100000000000101e-02 0.000000000000000000e+00 0.000000000000000000e+00 0.000000000000000000e+00 0.000000000000000000e+00 1.000000000000000000e+00
-4.283399999999999708e-02 7.631699999999999595e-02 -6.431099999999999317e-02 0.000000000000000000e+00 0.000000000000000000e+00 0.000000000000000000e+00 0.000000000000000000e+00 1.000000000000000000e+00
-6.486699999999999411e-02 -6.740000000000000331e-03 -1.189290000000000069e-01 0.000000000000000000e+00 0.000000000000000000e+00 0.000000000000000000e+00 0.000000000000000000e+00 1.000000000000000000e+00
3.303500000000000186e-02 -1.289919999999999956e-01 -9.518899999999999584e-02 0.000000000000000000e+00 0.000000000000000000e+00 0.000000000000000000e+00 0.000000000000000000e+00 1.000000000000000000e+00
2.070120000000000016e-01 -1.538029999999999953e-01 -9.038100000000000300e-02 0.000000000000000000e+00 0.000000000000000000e+00 0.000000000000000000e+00 0.000000000000000000e+00 1.000000000000000000e+00
1.671739999999999893e-01 -2.090710000000000068e-01 -1.290099999999999927e-02 0.000000000000000000e+00 0.000000000000000000e+00 0.000000000000000000e+00 0.000000000000000000e+00 1.000000000000000000e+00
2.827029999999999821e-01 -7.582899999999999363e-02 -6.535000000000000010e-03 0.000000000000000000e+00 0.000000000000000000e+00 0.000000000000000000e+00 0.000000000000000000e+00 1.000000000000000000e+00
3.065180000000000127e-01 -1.734950000000000103e-01 4.916000000000000231e-03 0.000000000000000000e+00 0.000000000000000000e+00 0.000000000000000000e+00 0.000000000000000000e+00 1.000000000000000000e+00
2.098250000000000115e-01 -7.131400000000000239e-02 1.150329999999999964e-01 0.000000000000000000e+00 0.000000000000000000e+00 0.000000000000000000e+00 0.000000000000000000e+00 1.000000000000000000e+00
2.202629999999999866e-01 -1.720220000000000082e-01 1.292320000000000135e-01 0.000000000000000000e+00 0.000000000000000000e+00 0.000000000000000000e+00 0.000000000000000000e+00 1.000000000000000000e+00
3.628330000000000166e-01 -1.508639999999999981e-01 1.251369999999999982e-01 0.000000000000000000e+00 0.000000000000000000e+00 0.000000000000000000e+00 0.000000000000000000e+00 1.000000000000000000e+00
3.182909999999999906e-01 -9.386999999999999511e-02 2.005170000000000008e-01 0.000000000000000000e+00 0.000000000000000000e+00 0.000000000000000000e+00 0.000000000000000000e+00 1.000000000000000000e+00
4.621149999999999980e-01 -4.456000000000000238e-02 1.820450000000000124e-01 0.000000000000000000e+00 0.000000000000000000e+00 0.000000000000000000e+00 0.000000000000000000e+00 1.000000000000000000e+00
4.312599999999999767e-01 1.248969999999999941e-01 2.009489999999999887e-01 0.000000000000000000e+00 0.000000000000000000e+00 0.000000000000000000e+00 0.000000000000000000e+00 1.000000000000000000e+00
5.203449999999999465e-01 2.328979999999999939e-01 1.625369999999999870e-01 0.000000000000000000e+00 0.000000000000000000e+00 0.000000000000000000e+00 0.000000000000000000e+00 1.000000000000000000e+00
6.118689999999999962e-01 2.088059999999999916e-01 6.238699999999999801e-02 0.000000000000000000e+00 0.000000000000000000e+00 0.000000000000000000e+00 0.000000000000000000e+00 1.000000000000000000e+00
5.348380000000000356e-01 -1.999099999999999835e-02 3.447599999999999970e-02 0.000000000000000000e+00 0.000000000000000000e+00 0.000000000000000000e+00 0.000000000000000000e+00 1.000000000000000000e+00
6.125249999999999861e-01 -4.087899999999999867e-02 -4.978300000000000086e-02 0.000000000000000000e+00 0.000000000000000000e+00 0.000000000000000000e+00 0.000000000000000000e+00 1.000000000000000000e+00
7.957440000000000069e-01 2.096000000000000085e-01 -1.766989999999999950e-01 0.000000000000000000e+00 0.000000000000000000e+00 0.000000000000000000e+00 0.000000000000000000e+00 1.000000000000000000e+00
9.604049999999999532e-01 2.317589999999999928e-01 -5.401000000000000245e-02 0.000000000000000000e+00 0.000000000000000000e+00 0.000000000000000000e+00 0.000000000000000000e+00 1.000000000000000000e+00
9.283369999999999678e-01 2.375220000000000109e-01 -1.554200000000000026e-01 0.000000000000000000e+00 0.000000000000000000e+00 0.000000000000000000e+00 0.000000000000000000e+00 1.000000000000000000e+00
9.800280000000000102e-01 1.556889999999999941e-01 -1.237199999999999966e-01 0.000000000000000000e+00 0.000000000000000000e+00 0.000000000000000000e+00 0.000000000000000000e+00 1.000000000000000000e+00
-1.951529999999999931e-01 -1.835200000000000026e-02 -1.290739999999999943e-01 0.000000000000000000e+00 0.000000000000000000e+00 2.970316906053019346e-01 9.398065886896815879e-01 1.689252812092369438e-01
-2.525549999999999740e-01 -9.733200000000000185e-02 1.579699999999999854e-02 0.000000000000000000e+00 0.000000000000000000e+00 0.000000000000000000e+00 0.000000000000000000e+00 1.000000000000000000e+00
-2.576049999999999729e-01 -1.914319999999999911e-01 -5.935300000000000298e-02 0.000000000000000000e+00 0.000000000000000000e+00 0.000000000000000000e+00 0.000000000000000000e+00 1.000000000000000000e+00
-2.663289999999999824e-01 1.497000000000000067e-02 -1.893060000000000020e-01 0.000000000000000000e+00 0.000000000000000000e+00 2.806041946802446674e-01 9.410287414237192838e-01 1.890137395597005221e-01
-4.313690000000000024e-01 -2.489099999999999993e-02 -1.469030000000000058e-01 0.000000000000000000e+00 0.000000000000000000e+00 0.000000000000000000e+00 0.000000000000000000e+00 1.000000000000000000e+00
-3.782630000000000159e-01 -1.360949999999999938e-01 -1.604929999999999968e-01 0.000000000000000000e+00 0.000000000000000000e+00 0.000000000000000000e+00 0.000000000000000000e+00 1.000000000000000000e+00
-4.175150000000000250e-01 -2.977399999999999838e-02 -3.051449999999999996e-01 0.000000000000000000e+00 0.000000000000000000e+00 0.000000000000000000e+00 0.000000000000000000e+00 1.000000000000000000e+00
-5.077899999999999636e-01 2.564999999999999919e-02 -2.055410000000000015e-01 0.000000000000000000e+00 0.000000000000000000e+00 4.828626766538113291e-01 -8.428252516424541430e-01 -2.376746319836220700e-01
-5.160489999999999799e-01 4.704400000000000248e-02 -2.981860000000000066e-01 0.000000000000000000e+00 0.000000000000000000e+00 4.828626766538210435e-01 -8.428252516424494800e-01 -2.376746319836209875e-01
-2.952690000000000037e-01 3.109599999999999864e-02 -3.114430000000000254e-01 0.000000000000000000e+00 0.000000000000000000e+00 0.000000000000000000e+00 0.000000000000000000e+00 1.000000000000000000e+00
-3.699129999999999918e-01 9.052799999999999736e-02 -3.479110000000000258e-01 0.000000000000000000e+00 0.000000000000000000e+00 0.000000000000000000e+00 0.000000000000000000e+00 1.000000000000000000e+00
-3.558339999999999836e-01 1.827539999999999998e-01 -2.584000000000000186e-01 0.000000000000000000e+00 0.000000000000000000e+00 0.000000000000000000e+00 0.000000000000000000e+00 1.000000000000000000e+00
-4.046839999999999882e-01 1.077820000000000028e-01 -1.456780000000000019e-01 0.000000000000000000e+00 0.000000000000000000e+00 0.000000000000000000e+00 0.000000000000000000e+00 1.000000000000000000e+00
-4.055239999999999956e-01 1.620550000000000046e-01 -5.636800000000000144e-02 0.000000000000000000e+00 0.000000000000000000e+00 0.000000000000000000e+00 0.000000000000000000e+00 1.000000000000000000e+00
-2.922379999999999978e-01 1.633489999999999942e-01 1.320500000000000007e-01 0.000000000000000000e+00 0.000000000000000000e+00 0.000000000000000000e+00 0.000000000000000000e+00 1.000000000000000000e+00
-3.923590000000000133e-01 6.782900000000000040e-02 1.401590000000000058e-01 0.000000000000000000e+00 0.000000000000000000e+00 0.000000000000000000e+00 0.000000000000000000e+00 1.000000000000000000e+00
-4.248759999999999759e-01 1.560219999999999940e-01 1.830680000000000085e-01 0.000000000000000000e+00 0.000000000000000000e+00 0.000000000000000000e+00 0.000000000000000000e+00 1.000000000000000000e+00
-4.902210000000000178e-01 7.387900000000000023e-02 5.888399999999999884e-02 0.000000000000000000e+00 0.000000000000000000e+00 0.000000000000000000e+00 0.000000000000000000e+00 1.000000000000000000e+00
-5.217540000000000511e-01 1.578569999999999973e-01 1.045829999999999954e-01 0.000000000000000000e+00 0.000000000000000000e+00 0.000000000000000000e+00 0.000000000000000000e+00 1.000000000000000000e+00
-3.477359999999999896e-01 2.801489999999999814e-01 1.505170000000000119e-01 0.000000000000000000e+00 0.000000000000000000e+00 0.000000000000000000e+00 0.000000000000000000e+00 1.000000000000000000e+00
-3.319949999999999846e-01 3.583640000000000159e-01 3.575300000000000006e-02 0.000000000000000000e+00 0.000000000000000000e+00 0.000000000000000000e+00 0.000000000000000000e+00 1.000000000000000000e+00
-2.940090000000000203e-01 2.810980000000000145e-01 -8.471599999999999964e-02 0.000000000000000000e+00 0.000000000000000000e+00 0.000000000000000000e+00 0.000000000000000000e+00 1.000000000000000000e+00
-3.966379999999999906e-01 3.516759999999999886e-01 -9.177799999999999847e-02 0.000000000000000000e+00 0.000000000000000000e+00 9.110015285939520036e-01 -3.410189743386220496e-01 -2.319100559279758111e-01
-4.334049999999999847e-01 2.655529999999999835e-01 -1.095659999999999967e-01 0.000000000000000000e+00 0.000000000000000000e+00 9.110015285939464524e-01 -3.410189743386695671e-01 -2.319100559279282381e-01
-2.270719999999999961e-01 2.768249999999999877e-01 1.031450000000000006e-01 0.000000000000000000e+00 0.000000000000000000e+00 0.000000000000000000e+00 0.000000000000000000e+00 1.000000000000000000e+00
-4.604759999999999964e-01 3.087320000000000064e-01 1.192140000000000005e-01 0.000000000000000000e+00 0.000000000000000000e+00 0.000000000000000000e+00 0.000000000000000000e+00 1.000000000000000000e+00
-2.168350000000000000e-01 1.119340000000000057e-01 -2.887770000000000059e-01 0.000000000000000000e+00 0.000000000000000000e+00 0.000000000000000000e+00 0.000000000000000000e+00 1.000000000000000000e+00
-2.222119999999999929e-01 1.949519999999999864e-01 -2.318409999999999915e-01 0.000000000000000000e+00 0.000000000000000000e+00 0.000000000000000000e+00 0.000000000000000000e+00 1.000000000000000000e+00
-1.524599999999999914e-02 -1.205549999999999955e-01 1.468649999999999956e-01 0.000000000000000000e+00 0.000000000000000000e+00 0.000000000000000000e+00 0.000000000000000000e+00 1.000000000000000000e+00
1.575800000000000117e-02 -2.310170000000000001e-01 2.397920000000000051e-01 0.000000000000000000e+00 0.000000000000000000e+00 0.000000000000000000e+00 0.000000000000000000e+00 1.000000000000000000e+00
-3.866499999999999798e-02 -3.467069999999999874e-01 2.238960000000000117e-01 0.000000000000000000e+00 0.000000000000000000e+00 0.000000000000000000e+00 0.000000000000000000e+00 1.000000000000000000e+00
-1.472630000000000050e-01 -3.391790000000000083e-01 2.847310000000000119e-01 0.000000000000000000e+00 0.000000000000000000e+00 0.000000000000000000e+00 0.000000000000000000e+00 1.000000000000000000e+00
-1.136879999999999974e-01 -2.067299999999999971e-01 2.967509999999999870e-01 0.000000000000000000e+00 0.000000000000000000e+00 0.000000000000000000e+00 0.000000000000000000e+00 1.000000000000000000e+00
7.087100000000000344e-02 -2.566499999999999893e-01 1.314059999999999950e-01 0.000000000000000000e+00 0.000000000000000000e+00 9.289843629518341750e-01 3.308132166574512256e-01 -1.659839422225081740e-01
4.208699999999999941e-02 -2.201710000000000056e-01 4.301100000000000062e-02 0.000000000000000000e+00 0.000000000000000000e+00 9.289843629518383938e-01 3.308132166574371258e-01 -1.659839422225142802e-01
0.000000000000000000e+00 0.000000000000000000e+00 0.000000000000000000e+00 0.000000000000000000e+00 0.000000000000000000e+00 0.000000000000000000e+00 0.000000000000000000e+00 0.000000000000000000e+00
0.000000000000000000e+00 0.000000000000000000e+00 0.000000000000000000e+00 0.000000000000000000e+00 0.000000000000000000e+00 0.000000000000000000e+00 0.000000000000000000e+00 0.000000000000000000e+00
0.000000000000000000e+00 0.000000000000000000e+00 0.000000000000000000e+00 0.000000000000000000e+00 0.000000000000000000e+00 0.000000000000000000e+00 0.000000000000000000e+00 0.000000000000000000e+00
0.000000000000000000e+00 0.000000000000000000e+00 0.000000000000000000e+00 0.000000000000000000e+00 0.000000000000000000e+00 0.000000000000000000e+00 0.000000000000000000e+00 0.000000000000000000e+00
0.000000000000000000e+00 0.000000000000000000e+00 0.000000000000000000e+00 0.000000000000000000e+00 0.000000000000000000e+00 0.000000000000000000e+00 0.000000000000000000e+00 0.000000000000000000e+00
0.000000000000000000e+00 0.000000000000000000e+00 0.000000000000000000e+00 0.000000000000000000e+00 0.000000000000000000e+00 0.000000000000000000e+00 0.000000000000000000e+00 0.000000000000000000e+00
0.000000000000000000e+00 0.000000000000000000e+00 0.000000000000000000e+00 0.000000000000000000e+00 0.000000000000000000e+00 0.000000000000000000e+00 0.000000000000000000e+00 0.000000000000000000e+00
0.000000000000000000e+00 0.000000000000000000e+00 0.000000000000000000e+00 0.000000000000000000e+00 0.000000000000000000e+00 0.000000000000000000e+00 0.000000000000000000e+00 0.000000000000000000e+00
0.000000000000000000e+00 0.000000000000000000e+00 0.000000000000000000e+00 0.000000000000000000e+00 0.000000000000000000e+00 0.000000000000000000e+00 0.000000000000000000e+00 0.000000000000000000e+00
0.000000000000000000e+00 0.000000000000000000e+00 0.000000000000000000e+00 0.000000000000000000e+00 0.000000000000000000e+00 0.000000000000000000e+00 0.000000000000000000e+00 0.000000000000000000e+00
0.000000000000000000e+00 0.000000000000000000e+00 0.000000000000000000e+00 0.000000000000000000e+00 0.000000000000000000e+00 0.000000000000000000e+00 0.000000000000000000e+00 0.000000000000000000e+00
0.000000000000000000e+00 0.000000000000000000e+00 0.000000000000000000e+00 0.000000000000000000e+00 0.000000000000000000e+00 0.000000000000000000e+00 0.000000000000000000e+00 0.000000000000000000e+00
0.000000000000000000e+00 0.000000000000000000e+00 0.000000000000000000e+00 0.000000000000000000e+00 0.000000000000000000e+00 0.000000000000000000e+00 0.000000000000000000e+00 0.000000000000000000e+00
0.000000000000000000e+00 0.000000000000000000e+00 0.000000000000000000e+00 0.000000000000000000e+00 0.000000000000000000e+00 0.000000000000000000e+00 0.000000000000000000e+00 0.000000000000000000e+00
0.000000000000000000e+00 0.000000000000000000e+00 0.000000000000000000e+00 0.000000000000000000e+00 0.000000000000000000e+00 0.000000000000000000e+00 0.000000000000000000e+00 0.000000000000000000e+00
0.000000000000000000e+00 0.000000000000000000e+00 0.000000000000000000e+00 0.000000000000000000e+00 0.000000000000000000e+00 0.000000000000000000e+00 0.000000000000000000e+00 0.000000000000000000e+00
0.000000000000000000e+00 0.000000000000000000e+00 0.000000000000000000e+00 0.000000000000000000e+00 0.000000000000000000e+00 0.000000000000000000e+00 0.000000000000000000e+00 0.000000000000000000e+00
0.000000000000000000e+00 0.000000000000000000e+00 0.000000000000000000e+00 0.000000000000000000e+00 0.000000000000000000e+00 0.000000000000000000e+00 0.000000000000000000e+00 0.000000000000000000e+00
0.000000000000000000e+00 0.000000000000000000e+00 0.000000000000000000e+00 0.000000000000000000e+00 0.000000000000000000e+00 0.000000000000000000e+00 0.000000000000000000e+00 0.000000000000000000e+00
0.000000000000000000e+00 0.000000000000000000e+00 0.000000000000000000e+00 0.000000000000000000e+00 0.000000000000000000e+00 0.000000000000000000e+00 0.000000000000000000e+00 0.000000000000000000e+00
0.000000000000000000e+00 0.000000000000000000e+00 0.000000000000000000e+00 0.000000000000000000e+00 0.000000000000000000e+00 0.000000000000000000e+00 0.000000000000000000e+00 0.000000000000000000e+00
0.000000000000000000e+00 0.000000000000000000e+00 0.000000000000000000e+00 0.000000000000000000e+00 0.000000000000000000e+00 0.000000000000000000e+00 0.000000000000000000e+00 0.000000000000000000e+00
0.000000000000000000e+00 0.000000000000000000e+00 0.000000000000000000e+00 0.000000000000000000e+00 0.000000000000000000e+00 0.000000000000000000e+00 0.000000000000000000e+00 0.000000000000000000e+00
0.000000000000000000e+00 0.000000000000000000e+00 0.000000000000000000e+00 0.000000000000000000e+00 0.000000000000000000e+00 0.000000000000000000e+00 0.000000000000000000e+00 0.000000000000000000e+00
0.000000000000000000e+00 0.000000000000000000e+00 0.000000000000000000e+00 0.000000000000000000e+00 0.000000000000000000e+00 0.000000000000000000e+00 0.000000000000000000e+00 0.000000000000000000e+00
0.000000000000000000e+00 0.000000000000000000e+00 0.000000000000000000e+00 0.000000000000000000e+00 0.000000000000000000e+00 0.000000000000000000e+00 0.000000000000000000e+00 0.000000000000000000e+00
0.000000000000000000e+00 0.000000000000000000e+00 0.000000000000000000e+00 0.000000000000000000e+00 0.000000000000000000e+00 0.000000000000000000e+00 0.000000000000000000e+00 0.000000000000000000e+00
0.000000000000000000e+00 0.000000000000000000e+00 0.000000000000000000e+00 0.000000000000000000e+00 0.000000000000000000e+00 0.000000000000000000e+00 0.000000000000000000e+00 0.000000000000000000e+00
0.000000000000000000e+00 0.000000000000000000e+00 0.000000000000000000e+00 0.000000000000000000e+00 0.000000000000000000e+00 0.000000000000000000e+00 0.000000000000000000e+00 0.000000000000000000e+00
0.000000000000000000e+00 0.000000000000000000e+00 0.000000000000000000e+00 0.000000000000000000e+00 0.000000000000000000e+00 0.000000000000000000e+00 0.000000000000000000e+00 0.000000000000000000e+00
0.000000000000000000e+00 0.000000000000000000e+00 0.000000000000000000e+00 0.000000000000000000e+00 0.000000000000000000e+00 0.000000000000000000e+00 0.000000000000000000e+00 0.000000000000000000e+00
0.000000000000000000e+00 0.000000000000000000e+00 0.000000000000000000e+00 0.000000000000000000e+00 0.000000000000000000e+00 0.000000000000000000e+00 0.000000000000000000e+00 0.000000000000000000e+00
0.000000000000000000e+00 0.000000000000000000e+00 0.000000000000000000e+00 0.000000000000000000e+00 0.000000000000000000e+00 0.000000000000000000e+00 0.000000000000000000e+00 0.000000000000000000e+00
0.000000000000000000e+00 0.000000000000000000e+00 0.000000000000000000e+00 0.000000000000000000e+00 0.000000000000000000e+00 0.000000000000000000e+00 0.000000000000000000e+00 0.000000000000000000e+00
0.000000000000000000e+00 0.000000000000000000e+00 0.000000000000000000e+00 0.000000000000000000e+00 0.000000000000000000e+00 0.000000000000000000e+00 0.000000000000000000e+00 0.000000000000000000e+00
0.000000000000000000e+00 0.000000000000000000e+00 0.000000000000000000e+00 0.000000000000000000e+00 0.000000000000000000e+00 0.000000000000000000e+00 0.000000000000000000e+00 0.000000000000000000e+00
0.000000000000000000e+00 0.000000000000000000e+00 0.000000000000000000e+00 0.000000000000000000e+00 0.000000000000000000e+00 0.000000000000000000e+00 0.000000000000000000e+00 0.000000000000000000e+00
0.000000000000000000e+00 0.000000000000000000e+00 0.000000000000000000e+00 0.000000000000000000e+00 0.000000000000000000e+00 0.000000000000000000e+00 0.000000000000000000e+00 0.000000000000000000e+00
0.000000000000000000e+00 0.000000000000000000e+00 0.000000000000000000e+00 0.000000000000000000e+00 0.000000000000000000e+00 0.000000000000000000e+00 0.000000000000000000e+00 0.000000000000000000e+00
0.000000000000000000e+00 0.000000000000000000e+00 0.000000000000000000e+00 0.000000000000000000e+00 0.000000000000000000e+00 0.000000000000000000e+00 0.000000000000000000e+00 0.000000000000000000e+00
0.000000000000000000e+00 0.000000000000000000e+00 0.000000000000000000e+00 0.000000000000000000e+00 0.000000000000000000e+00 0.000000000000000000e+00 0.000000000000000000e+00 0.000000000000000000e+00
0.000000000000000000e+00 0.000000000000000000e+00 0.000000000000000000e+00 0.000000000000000000e+00 0.000000000000000000e+00 0.000000000000000000e+00 0.000000000000000000e+00 0.000000000000000000e+00
0.000000000000000000e+00 0.000000000000000000e+00 0.000000000000000000e+00 0.000000000000000000e+00 0.000000000000000000e+00 0.000000000000000000e+00 0.000000000000000000e+00 0.000000000000000000e+00
0.000000000000000000e+00 0.000000000000000000e+00 0.000000000000000000e+00 0.000000000000000000e+00 0.000000000000000000e+00 0.000000000000000000e+00 0.000000000000000000e+00 0.000000000000000000e+00
0.000000000000000000e+00 0.000000000000000000e+00 0.000000000000000000e+00 0.000000000000000000e+00 0.000000000000000000e+00 0.000000000000000000e+00 0.000000000000000000e+00 0.000000000000000000e+00
0.000000000000000000e+00 0.000000000000000000e+00 0.000000000000000000e+00 0.000000000000000000e+00 0.000000000000000000e+00 0.000000000000000000e+00 0.000000000000000000e+00 0.000000000000000000e+00
0.000000000000000000e+00 0.000000000000000000e+00 0.000000000000000000e+00 0.000000000000000000e+00 0.000000000000000000e+00 0.000000000000000000e+00 0.000000000000000000e+00 0.000000000000000000e+00
0.000000000000000000e+00 0.000000000000000000e+00 0.000000000000000000e+00 0.000000000000000000e+00 0.000000000000000000e+00 0.000000000000000000e+00 0.000000000000000000e+00 0.000000000000000000e+00
0.000000000000000000e+00 0.000000000000000000e+00 0.000000000000000000e+00 0.000000000000000000e+00 0.000000000000000000e+00 0.000000000000000000e+00 0.000000000000000000e+00 0.000000000000000000e+00
0.000000000000000000e+00 0.000000000000000000e+00 0.000000000000000000e+00 0.000000000000000000e+00 0.000000000000000000e+00 0.000000000000000000e+00 0.000000000000000000e+00 0.000000000000000000e+00
0.000000000000000000e+00 0.000000000000000000e+00 0.000000000000000000e+00 0.000000000000000000e+00 0.000000000000000000e+00 0.000000000000000000e+00 0.000000000000000000e+00 0.000000000000000000e+00
0.000000000000000000e+00 0.000000000000000000e+00 0.000000000000000000e+00 0.000000000000000000e+00 0.000000000000000000e+00 0.000000000000000000e+00 0.000000000000000000e+00 0.000000000000000000e+00
0.000000000000000000e+00 0.000000000000000000e+00 0.000000000000000000e+00 0.000000000000000000e+00 0.000000000000000000e+00 0.000000000000000000e+00 0.000000000000000000e+00 0.000000000000000000e+00
0.000000000000000000e+00 0.000000000000000000e+00 0.000000000000000000e+00 0.000000000000000000e+00 0.000000000000000000e+00 0.000000000000000000e+00 0.000000000000000000e+00 0.000000000000000000e+00
0.000000000000000000e+00 0.000000000000000000e+00 0.000000000000000000e+00 0.000000000000000000e+00 0.000000000000000000e+00 0.000000000000000000e+00 0.000000000000000000e+00 0.000000000000000000e+00
0.000000000000000000e+00 0.000000000000000000e+00 0.000000000000000000e+00 0.000000000000000000e+00 0.000000000000000000e+00 0.000000000000000000e+00 0.000000000000000000e+00 0.000000000000000000e+00
0.000000000000000000e+00 0.000000000000000000e+00 0.000000000000000000e+00 0.000000000000000000e+00 0.000000000000000000e+00 0.000000000000000000e+00 0.000000000000000000e+00 0.000000000000000000e+00
0.000000000000000000e+00 0.000000000000000000e+00 0.000000000000000000e+00 0.000000000000000000e+00 0.000000000000000000e+00 0.000000000000000000e+00 0.000000000000000000e+00 0.000000000000000000e+00
0.000000000000000000e+00 0.000000000000000000e+00 0.000000000000000000e+00 0.000000000000000000e+00 0.000000000000000000e+00 0.000000000000000000e+00 0.000000000000000000e+00 0.000000000000000000e+00
0.000000000000000000e+00 0.000000000000000000e+00 0.000000000000000000e+00 0.000000000000000000e+00 0.000000000000000000e+00 0.000000000000000000e+00 0.000000000000000000e+00 0.000000000000000000e+00
0.000000000000000000e+00 0.000000000000000000e+00 0.000000000000000000e+00 0.000000000000000000e+00 0.000000000000000000e+00 0.000000000000000000e+00 0.000000000000000000e+00 0.000000000000000000e+00
0.000000000000000000e+00 0.000000000000000000e+00 0.000000000000000000e+00 0.000000000000000000e+00 0.000000000000000000e+00 0.000000000000000000e+00 0.000000000000000000e+00 0.000000000000000000e+00
0.000000000000000000e+00 0.000000000000000000e+00 0.000000000000000000e+00 0.000000000000000000e+00 0.000000000000000000e+00 0.000000000000000000e+00 0.000000000000000000e+00 0.000000000000000000e+00
0.000000000000000000e+00 0.000000000000000000e+00 0.000000000000000000e+00 0.000000000000000000e+00 0.000000000000000000e+00 0.000000000000000000e+00 0.000000000000000000e+00 0.000000000000000000e+00
0.000000000000000000e+00 0.000000000000000000e+00 0.000000000000000000e+00 0.000000000000000000e+00 0.000000000000000000e+00 0.000000000000000000e+00 0.000000000000000000e+00 0.000000000000000000e+00
0.000000000000000000e+00 0.000000000000000000e+00 0.000000000000000000e+00 0.000000000000000000e+00 0.000000000000000000e+00 0.000000000000000000e+00 0.000000000000000000e+00 0.000000000000000000e+00
0.000000000000000000e+00 0.000000000000000000e+00 0.000000000000000000e+00 0.000000000000000000e+00 0.000000000000000000e+00 0.000000000000000000e+00 0.000000000000000000e+00 0.000000000000000000e+00
0.000000000000000000e+00 0.000000000000000000e+00 0.000000000000000000e+00 0.000000000000000000e+00 0.000000000000000000e+00 0.000000000000000000e+00 0.000000000000000000e+00 0.000000000000000000e+00
0.000000000000000000e+00 0.000000000000000000e+00 0.000000000000000000e+00 0.000000000000000000e+00 0.000000000000000000e+00 0.000000000000000000e+00 0.000000000000000000e+00 0.000000000000000000e+00
0.000000000000000000e+00 0.000000000000000000e+00 0.000000000000000000e+00 0.000000000000000000e+00 0.000000000000000000e+00 0.000000000000000000e+00 0.000000000000000000e+00 0.000000000000000000e+00
0.000000000000000000e+00 0.000000000000000000e+00 0.000000000000000000e+00 0.000000000000000000e+00 0.000000000000000000e+00 0.000000000000000000e+00 0.000000000000000000e+00 0.000000000000000000e+00
0.000000000000000000e+00 0.000000000000000000e+00 0.000000000000000000e+00 0.000000000000000000e+00 0.000000000000000000e+00 0.000000000000000000e+00 0.000000000000000000e+00 0.000000000000000000e+00
0.000000000000000000e+00 0.000000000000000000e+00 0.000000000000000000e+00 0.000000000000000000e+00 0.000000000000000000e+00 0.000000000000000000e+00 0.000000000000000000e+00 0.000000000000000000e+00
0.000000000000000000e+00 0.000000000000000000e+00 0.000000000000000000e+00 0.000000000000000000e+00 0.000000000000000000e+00 0.000000000000000000e+00 0.000000000000000000e+00 0.000000000000000000e+00
0.000000000000000000e+00 0.000000000000000000e+00 0.000000000000000000e+00 0.000000000000000000e+00 0.000000000000000000e+00 0.000000000000000000e+00 0.000000000000000000e+00 0.000000000000000000e+00
0.000000000000000000e+00 0.000000000000000000e+00 0.000000000000000000e+00 0.000000000000000000e+00 0.000000000000000000e+00 0.000000000000000000e+00 0.000000000000000000e+00 0.000000000000000000e+00
0.000000000000000000e+00 0.000000000000000000e+00 0.000000000000000000e+00 0.000000000000000000e+00 0.000000000000000000e+00 0.000000000000000000e+00 0.000000000000000000e+00 0.000000000000000000e+00
0.000000000000000000e+00 0.000000000000000000e+00 0.000000000000000000e+00 0.000000000000000000e+00 0.000000000000000000e+00 0.000000000000000000e+00 0.000000000000000000e+00 0.000000000000000000e+00
0.000000000000000000e+00 0.000000000000000000e+00 0.000000000000000000e+00 0.000000000000000000e+00 0.000000000000000000e+00 0.000000000000000000e+00 0.000000000000000000e+00 0.000000000000000000e+00
0.000000000000000000e+00 0.000000000000000000e+00 0.000000000000000000e+00 0.000000000000000000e+00 0.000000000000000000e+00 0.000000000000000000e+00 0.000000000000000000e+00 0.000000000000000000e+00
0.000000000000000000e+00 0.000000000000000000e+00 0.000000000000000000e+00 0.000000000000000000e+00 0.000000000000000000e+00 0.000000000000000000e+00 0.000000000000000000e+00 0.000000000000000000e+00
0.000000000000000000e+00 0.000000000000000000e+00 0.000000000000000000e+00 0.000000000000000000e+00 0.000000000000000000e+00 0.000000000000000000e+00 0.000000000000000000e+00 0.000000000000000000e+00
0.000000000000000000e+00 0.000000000000000000e+00 0.000000000000000000e+00 0.000000000000000000e+00 0.000000000000000000e+00 0.000000000000000000e+00 0.000000000000000000e+00 0.000000000000000000e+00
0.000000000000000000e+00 0.000000000000000000e+00 0.000000000000000000e+00 0.000000000000000000e+00 0.000000000000000000e+00 0.000000000000000000e+00 0.000000000000000000e+00 0.000000000000000000e+00
0.000000000000000000e+00 0.000000000000000000e+00 0.000000000000000000e+00 0.000000000000000000e+00 0.000000000000000000e+00 0.000000000000000000e+00 0.000000000000000000e+00 0.000000000000000000e+00
0.000000000000000000e+00 0.000000000000000000e+00 0.000000000000000000e+00 0.000000000000000000e+00 0.000000000000000000e+00 0.000000000000000000e+00 0.000000000000000000e+00 0.000000000000000000e+00
0.000000000000000000e+00 0.000000000000000000e+00 0.000000000000000000e+00 0.000000000000000000e+00 0.000000000000000000e+00 0.000000000000000000e+00 0.000000000000000000e+00 0.000000000000000000e+00
0.000000000000000000e+00 0.000000000000000000e+00 0.000000000000000000e+00 0.000000000000000000e+00 0.000000000000000000e+00 0.000000000000000000e+00 0.000000000000000000e+00 0.000000000000000000e+00
0.000000000000000000e+00 0.000000000000000000e+00 0.000000000000000000e+00 0.000000000000000000e+00 0.000000000000000000e+00 0.000000000000000000e+00 0.000000000000000000e+00 0.000000000000000000e+00
0.000000000000000000e+00 0.000000000000000000e+00 0.000000000000000000e+00 0.000000000000000000e+00 0.000000000000000000e+00 0.000000000000000000e+00 0.000000000000000000e+00 0.000000000000000000e+00
0.000000000000000000e+00 0.000000000000000000e+00 0.000000000000000000e+00 0.000000000000000000e+00 0.000000000000000000e+00 0.000000000000000000e+00 0.000000000000000000e+00 0.000000000000000000e+00
0.000000000000000000e+00 0.000000000000000000e+00 0.000000000000000000e+00 0.000000000000000000e+00 0.000000000000000000e+00 0.000000000000000000e+00 0.000000000000000000e+00 0.000000000000000000e+00
0.000000000000000000e+00 0.000000000000000000e+00 0.000000000000000000e+00 0.000000000000000000e+00 0.000000000000000000e+00 0.000000000000000000e+00 0.000000000000000000e+00 0.000000000000000000e+00
0.000000000000000000e+00 0.000000000000000000e+00 0.000000000000000000e+00 0.000000000000000000e+00 0.000000000000000000e+00 0.000000000000000000e+00 0.000000000000000000e+00 0.000000000000000000e+00
0.000000000000000000e+00 0.000000000000000000e+00 0.000000000000000000e+00 0.000000000000000000e+00 0.000000000000000000e+00 0.000000000000000000e+00 0.000000000000000000e+00 0.000000000000000000e+00
0.000000000000000000e+00 0.000000000000000000e+00 0.000000000000000000e+00 0.000000000000000000e+00 0.000000000000000000e+00 0.000000000000000000e+00 0.000000000000000000e+00 0.000000000000000000e+00
0.000000000000000000e+00 0.000000000000000000e+00 0.000000000000000000e+00 0.000000000000000000e+00 0.000000000000000000e+00 0.000000000000000000e+00 0.000000000000000000e+00 0.000000000000000000e+00
0.000000000000000000e+00 0.000000000000000000e+00 0.000000000000000000e+00 0.000000000000000000e+00 0.000000000000000000e+00 0.000000000000000000e+00 0.000000000000000000e+00 0.000000000000000000e+00
0.000000000000000000e+00 0.000000000000000000e+00 0.000000000000000000e+00 0.000000000000000000e+00 0.000000000000000000e+00 0.000000000000000000e+00 0.000000000000000000e+00 0.000000000000000000e+00
0.000000000000000000e+00 0.000000000000000000e+00 0.000000000000000000e+00 0.000000000000000000e+00 0.000000000000000000e+00 0.000000000000000000e+00 0.000000000000000000e+00 0.000000000000000000e+00
0.000000000000000000e+00 0.000000000000000000e+00 0.000000000000000000e+00 0.000000000000000000e+00 0.000000000000000000e+00 0.000000000000000000e+00 0.000000000000000000e+00 0.000000000000000000e+00
0.000000000000000000e+00 0.000000000000000000e+00 0.000000000000000000e+00 0.000000000000000000e+00 0.000000000000000000e+00 0.000000000000000000e+00 0.000000000000000000e+00 0.000000000000000000e+00
0.000000000000000000e+00 0.000000000000000000e+00 0.000000000000000000e+00 0.000000000000000000e+00 0.000000000000000000e+00 0.000000000000000000e+00 0.000000000000000000e+00 0.000000000000000000e+00
0.000000000000000000e+00 0.000000000000000000e+00 0.000000000000000000e+00 0.000000000000000000e+00 0.000000000000000000e+00 0.000000000000000000e+00 0.000000000000000000e+00 0.000000000000000000e+00
0.000000000000000000e+00 0.000000000000000000e+00 0.000000000000000000e+00 0.000000000000000000e+00 0.000000000000000000e+00 0.000000000000000000e+00 0.000000000000000000e+00 0.000000000000000000e+00
0.000000000000000000e+00 0.000000000000000000e+00 0.000000000000000000e+00 0.000000000000000000e+00 0.000000000000000000e+00 0.000000000000000000e+00 0.000000000000000000e+00 0.000000000000000000e+00
0.000000000000000000e+00 0.000000000000000000e+00 0.000000000000000000e+00 0.000000000000000000e+00 0.000000000000000000e+00 0.000000000000000000e+00 0.000000000000000000e+00 0.000000000000000000e+00
0.000000000000000000e+00 0.000000000000000000e+00 0.000000000000000000e+00 0.000000000000000000e+00 0.000000000000000000e+00 0.000000000000000000e+00 0.000000000000000000e+00 0.000000000000000000e+00
0.000000000000000000e+00 0.000000000000000000e+00 0.000000000000000000e+00 0.000000000000000000e+00 0.000000000000000000e+00 0.000000000000000000e+00 0.000000000000000000e+00 0.000000000000000000e+00
0.000000000000000000e+00 0.000000000000000000e+00 0.000000000000000000e+00 0.000000000000000000e+00 0.000000000000000000e+00 0.000000000000000000e+00 0.000000000000000000e+00 0.000000000000000000e+00
0.000000000000000000e+00 0.000000000000000000e+00 0.000000000000000000e+00 0.000000000000000000e+00 0.000000000000000000e+00 0.000000000000000000e+00 0.000000000000000000e+00 0.000000000000000000e+00
0.000000000000000000e+00 0.000000000000000000e+00 0.000000000000000000e+00 0.000000000000000000e+00 0.000000000000000000e+00 0.000000000000000000e+00 0.000000000000000000e+00 0.000000000000000000e+00
0.000000000000000000e+00 0.000000000000000000e+00 0.000000000000000000e+00 0.000000000000000000e+00 0.000000000000000000e+00 0.000000000000000000e+00 0.000000000000000000e+00 0.000000000000000000e+00
0.000000000000000000e+00 0.000000000000000000e+00 0.000000000000000000e+00 0.000000000000000000e+00 0.000000000000000000e+00 0.000000000000000000e+00 0.000000000000000000e+00 0.000000000000000000e+00
0.000000000000000000e+00 0.000000000000000000e+00 0.000000000000000000e+00 0.000000000000000000e+00 0.000000000000000000e+00 0.000000000000000000e+00 0.000000000000000000e+00 0.000000000000000000e+00
0.000000000000000000e+00 0.000000000000000000e+00 0.000000000000000000e+00 0.000000000000000000e+00 0.000000000000000000e+00 0.000000000000000000e+00 0.000000000000000000e+00 0.000000000000000000e+00
0.000000000000000000e+00 0.000000000000000000e+00 0.000000000000000000e+00 0.000000000000000000e+00 0.000000000000000000e+00 0.000000000000000000e+00 0.000000000000000000e+00 0.000000000000000000e+00
0.000000000000000000e+00 0.000000000000000000e+00 0.000000000000000000e+00 0.000000000000000000e+00 0.000000000000000000e+00 0.000000000000000000e+00 0.000000000000000000e+00 0.000000000000000000e+00
0.000000000000000000e+00 0.000000000000000000e+00 0.000000000000000000e+00 0.000000000000000000e+00 0.000000000000000000e+00 0.000000000000000000e+00 0.000000000000000000e+00 0.000000000000000000e+00
0.000000000000000000e+00 0.000000000000000000e+00 0.000000000000000000e+00 0.000000000000000000e+00 0.000000000000000000e+00 0.000000000000000000e+00 0.000000000000000000e+00 0.000000000000000000e+00
0.000000000000000000e+00 0.000000000000000000e+00 0.000000000000000000e+00 0.000000000000000000e+00 0.000000000000000000e+00 0.000000000000000000e+00 0.000000000000000000e+00 0.000000000000000000e+00
0.000000000000000000e+00 0.000000000000000000e+00 0.000000000000000000e+00 0.000000000000000000e+00 0.000000000000000000e+00 0.000000000000000000e+00 0.000000000000000000e+00 0.000000000000000000e+00
0.000000000000000000e+00 0.000000000000000000e+00 0.000000000000000000e+00 0.000000000000000000e+00 0.000000000000000000e+00 0.000000000000000000e+00 0.000000000000000000e+00 0.000000000000000000e+00
0.000000000000000000e+00 0.000000000000000000e+00 0.000000000000000000e+00 0.000000000000000000e+00 0.000000000000000000e+00 0.000000000000000000e+00 0.000000000000000000e+00 0.000000000000000000e+00
0.000000000000000000e+00 0.000000000000000000e+00 0.000000000000000000e+00 0.000000000000000000e+00 0.000000000000000000e+00 0.000000000000000000e+00 0.000000000000000000e+00 0.000000000000000000e+00
0.000000000000000000e+00 0.000000000000000000e+00 0.000000000000000000e+00 0.000000000000000000e+00 0.000000000000000000e+00 0.000000000000000000e+00 0.000000000000000000e+00 0.000000000000000000e+00
0.000000000000000000e+00 0.000000000000000000e+00 0.000000000000000000e+00 0.000000000000000000e+00 0.000000000000000000e+00 0.000000000000000000e+00 0.000000000000000000e+00 0.000000000000000000e+00
0.000000000000000000e+00 0.000000000000000000e+00 0.000000000000000000e+00 0.000000000000000000e+00 0.000000000000000000e+00 0.000000000000000000e+00 0.000000000000000000e+00 0.000000000000000000e+00
0.000000000000000000e+00 0.000000000000000000e+00 0.000000000000000000e+00 0.000000000000000000e+00 0.000000000000000000e+00 0.000000000000000000e+00 0.000000000000000000e+00 0.000000000000000000e+00
0.000000000000000000e+00 0.000000000000000000e+00 0.000000000000000000e+00 0.000000000000000000e+00 0.000000000000000000e+00 0.000000000000000000e+00 0.000000000000000000e+00 0.000000000000000000e+00
0.000000000000000000e+00 0.000000000000000000e+00 0.000000000000000000e+00 0.000000000000000000e+00 0.000000000000000000e+00 0.000000000000000000e+00 0.000000000000000000e+00 0.000000000000000000e+00
0.000000000000000000e+00 0.000000000000000000e+00 0.000000000000000000e+00 0.000000000000000000e+00 0.000000000000000000e+00 0.000000000000000000e+00 0.000000000000000000e+00 0.000000000000000000e+00
0.000000000000000000e+00 0.000000000000000000e+00 0.000000000000000000e+00 0.000000000000000000e+00 0.000000000000000000e+00 0.000000000000000000e+00 0.000000000000000000e+00 0.000000000000000000e+00
0.000000000000000000e+00 0.000000000000000000e+00 0.000000000000000000e+00 0.000000000000000000e+00 0.000000000000000000e+00 0.000000000000000000e+00 0.000000000000000000e+00 0.000000000000000000e+00
0.000000000000000000e+00 0.000000000000000000e+00 0.000000000000000000e+00 0.000000000000000000e+00 0.000000000000000000e+00 0.000000000000000000e+00 0.000000000000000000e+00 0.000000000000000000e+00
0.000000000000000000e+00 0.000000000000000000e+00 0.000000000000000000e+00 0.000000000000000000e+00 0.000000000000000000e+00 0.000000000000000000e+00 0.000000000000000000e+00 0.000000000000000000e+00
0.000000000000000000e+00 0.000000000000000000e+00 0.000000000000000000e+00 0.000000000000000000e+00 0.000000000000000000e+00 0.000000000000000000e+00 0.000000000000000000e+00 0.000000000000000000e+00
0.000000000000000000e+00 0.000000000000000000e+00 0.000000000000000000e+00 0.000000000000000000e+00 0.000000000000000000e+00 0.000000000000000000e+00 0.000000000000000000e+00 0.000000000000000000e+00
0.000000000000000000e+00 0.000000000000000000e+00 0.000000000000000000e+00 0.000000000000000000e+00 0.000000000000000000e+00 0.000000000000000000e+00 0.000000000000000000e+00 0.000000000000000000e+00
0.000000000000000000e+00 0.000000000000000000e+00 0.000000000000000000e+00 0.000000000000000000e+00 0.000000000000000000e+00 0.000000000000000000e+00 0.000000000000000000e+00 0.000000000000000000e+00
0.000000000000000000e+00 0.000000000000000000e+00 0.000000000000000000e+00 0.000000000000000000e+00 0.000000000000000000e+00 0.000000000000000000e+00 0.000000000000000000e+00 0.000000000000000000e+00
0.000000000000000000e+00 0.000000000000000000e+00 0.000000000000000000e+00 0.000000000000000000e+00 0.000000000000000000e+00 0.000000000000000000e+00 0.000000000000000000e+00 0.000000000000000000e+00
0.000000000000000000e+00 0.000000000000000000e+00 0.000000000000000000e+00 0.000000000000000000e+00 0.000000000000000000e+00 0.000000000000000000e+00 0.000000000000000000e+00 0.000000000000000000e+00
0.000000000000000000e+00 0.000000000000000000e+00 0.000000000000000000e+00 0.000000000000000000e+00 0.000000000000000000e+00 0.000000000000000000e+00 0.000000000000000000e+00 0.000000000000000000e+00
0.000000000000000000e+00 0.000000000000000000e+00 0.000000000000000000e+00 0.000000000000000000e+00 0.000000000000000000e+00 0.000000000000000000e+00 0.000000000000000000e+00 0.000000000000000000e+00
0.000000000000000000e+00 0.000000000000000000e+00 0.000000000000000000e+00 0.000000000000000000e+00 0.000000000000000000e+00 0.000000000000000000e+00 0.000000000000000000e+00 0.000000000000000000e+00
0.000000000000000000e+00 0.000000000000000000e+00 0.000000000000000000e+00 0.000000000000000000e+00 0.000000000000000000e+00 0.000000000000000000e+00 0.000000000000000000e+00 0.000000000000000000e+00
0.000000000000000000e+00 0.000000000000000000e+00 0.000000000000000000e+00 0.000000000000000000e+00 0.000000000000000000e+00 0.000000000000000000e+00 0.000000000000000000e+00 0.000000000000000000e+00
0.000000000000000000e+00 0.000000000000000000e+00 0.000000000000000000e+00 0.000000000000000000e+00 0.000000000000000000e+00 0.000000000000000000e+00 0.000000000000000000e+00 0.000000000000000000e+00
0.000000000000000000e+00 0.000000000000000000e+00 0.000000000000000000e+00 0.000000000000000000e+00 0.000000000000000000e+00 0.000000000000000000e+00 0.000000000000000000e+00 0.000000000000000000e+00
0.000000000000000000e+00 0.000000000000000000e+00 0.000000000000000000e+00 0.000000000000000000e+00 0.000000000000000000e+00 0.000000000000000000e+00 0.000000000000000000e+00 0.000000000000000000e+00
0.000000000000000000e+00 0.000000000000000000e+00 0.000000000000000000e+00 0.000000000000000000e+00 0.000000000000000000e+00 0.000000000000000000e+00 0.000000000000000000e+00 0.000000000000000000e+00
0.000000000000000000e+00 0.000000000000000000e+00 0.000000000000000000e+00 0.000000000000000000e+00 0.000000000000000000e+00 0.000000000000000000e+00 0.000000000000000000e+00 0.000000000000000000e+00
0.000000000000000000e+00 0.000000000000000000e+00 0.000000000000000000e+00 0.000000000000000000e+00 0.000000000000000000e+00 0.000000000000000000e+00 0.000000000000000000e+00 0.000000000000000000e+00
0.000000000000000000e+00 0.000000000000000000e+00 0.000000000000000000e+00 0.000000000000000000e+00 0.000000000000000000e+00 0.000000000000000000e+00 0.000000000000000000e+00 0.000000000000000000e+00
0.000000000000000000e+00 0.000000000000000000e+00 0.000000000000000000e+00 0.000000000000000000e+00 0.000000000000000000e+00 0.000000000000000000e+00 0.000000000000000000e+00 0.000000000000000000e+00
0.000000000000000000e+00 0.000000000000000000e+00 0.000000000000000000e+00 0.000000000000000000e+00 0.000000000000000000e+00 0.000000000000000000e+00 0.000000000000000000e+00 0.000000000000000000e+00
0.000000000000000000e+00 0.000000000000000000e+00 0.000000000000000000e+00 0.000000000000000000e+00 0.000000000000000000e+00 0.000000000000000000e+00 0.000000000000000000e+00 0.000000000000000000e+00
0.000000000000000000e+00 0.000000000000000000e+00 0.000000000000000000e+00 0.000000000000000000e+00 0.000000000000000000e+00 0.000000000000000000e+00 0.000000000000000000e+00 0.000000000000000000e+00
0.000000000000000000e+00 0.000000000000000000e+00 0.000000000000000000e+00 0.000000000000000000e+00 0.000000000000000000e+00 0.000000000000000000e+00 0.000000000000000000e+00 0.000000000000000000e+00
0.000000000000000000e+00 0.000000000000000000e+00 0.000000000000000000e+00 0.000000000000000000e+00 0.000000000000000000e+00 0.000000000000000000e+00 0.000000000000000000e+00 0.000000000000000000e+00
0.000000000000000000e+00 0.000000000000000000e+00 0.000000000000000000e+00 0.000000000000000000e+00 0.000000000000000000e+00 0.000000000000000000e+00 0.000000000000000000e+00 0.000000000000000000e+00
0.000000000000000000e+00 0.000000000000000000e+00 0.000000000000000000e+00 0.000000000000000000e+00 0.000000000000000000e+00 0.000000000000000000e+00 0.000000000000000000e+00 0.000000000000000000e+00
0.000000000000000000e+00 0.000000000000000000e+00 0.000000000000000000e+00 0.000000000000000000e+00 0.000000000000000000e+00 0.000000000000000000e+00 0.000000000000000000e+00 0.000000000000000000e+00
0.000000000000000000e+00 0.000000000000000000e+00 0.000000000000000000e+00 0.000000000000000000e+00 0.000000000000000000e+00 0.000000000000000000e+00 0.000000000000000000e+00 0.000000000000000000e+00
0.000000000000000000e+00 0.000000000000000000e+00 0.000000000000000000e+00 0.000000000000000000e+00 0.000000000000000000e+00 0.000000000000000000e+00 0.000000000000000000e+00 0.000000000000000000e+00
0.000000000000000000e+00 0.000000000000000000e+00 0.000000000000000000e+00 0.000000000000000000e+00 0.000000000000000000e+00 0.000000000000000000e+00 0.000000000000000000e+00 0.000000000000000000e+00
0.000000000000000000e+00 0.000000000000000000e+00 0.000000000000000000e+00 0.000000000000000000e+00 0.000000000000000000e+00 0.000000000000000000e+00 0.000000000000000000e+00 0.000000000000000000e+00
