-9.445299999999999530e-02 5.979500000000000093e-02 0.000000000000000000e+00 4.166670000000000096e-01 8.739800000000000346e-02 0.000000000000000000e+00 0.000000000000000000e+00 1.000000000000000000e+00
-8.197100000000000219e-02 2.137899999999999870e-02 0.000000000000000000e+00 4.166670000000000096e-01 8.739800000000000346e-02 0.000000000000000000e+00 0.000000000000000000e+00 1.000000000000000000e+00
-6.948899999999999522e-02 -1.703999999999999959e-02 0.000000000000000000e+00 4.166670000000000096e-01 8.739800000000000346e-02 -0.000000000000000000e+00 -0.000000000000000000e+00 1.000000000000000000e+00
-5.700700000000000212e-02 -5.545900000000000135e-02 0.000000000000000000e+00 3.958329999999999904e-01 1.032519999999999966e-01 -0.000000000000000000e+00 -0.000000000000000000e+00 1.000000000000000000e+00
-1.749200000000000060e-02 -6.385799999999999810e-02 0.000000000000000000e+00 4.166670000000000096e-01 8.739800000000000346e-02 -0.000000000000000000e+00 -0.000000000000000000e+00 1.000000000000000000e+00
9.537999999999999604e-03 -3.383900000000000102e-02 0.000000000000000000e+00 3.750000000000000000e-01 1.190739999999999993e-01 0.000000000000000000e+00 -0.000000000000000000e+00 -1.000000000000000222e+00
-5.009000000000000431e-03 -1.022770000000000068e-01 0.000000000000000000e+00 4.166670000000000096e-01 8.739800000000000346e-02 -0.000000000000000000e+00 -0.000000000000000000e+00 1.000000000000000000e+00
7.472999999999999608e-03 -1.406959999999999877e-01 0.000000000000000000e+00 3.958329999999999904e-01 1.032519999999999966e-01 -0.000000000000000000e+00 -0.000000000000000000e+00 1.000000000000000000e+00
4.698499999999999899e-02 -1.490930000000000033e-01 0.000000000000000000e+00 4.166670000000000096e-01 8.739800000000000346e-02 0.000000000000000000e+00 -0.000000000000000000e+00 -1.000000000000000000e+00
7.401499999999999746e-02 -1.190739999999999993e-01 0.000000000000000000e+00 3.750000000000000000e-01 1.190739999999999993e-01 0.000000000000000000e+00 -0.000000000000000000e+00 -1.000000000000000000e+00
5.947000000000000203e-02 -1.875120000000000120e-01 0.000000000000000000e+00 3.958329999999999904e-01 1.032519999999999966e-01 -0.000000000000000000e+00 -0.000000000000000000e+00 1.000000000000000000e+00
9.898200000000000054e-02 -1.959120000000000028e-01 0.000000000000000000e+00 4.166670000000000096e-01 8.739800000000000346e-02 0.000000000000000000e+00 0.000000000000000000e+00 1.000000000000000000e+00
1.384950000000000070e-01 -2.043089999999999906e-01 0.000000000000000000e+00 4.166670000000000096e-01 8.739800000000000346e-02 -0.000000000000000000e+00 -0.000000000000000000e+00 1.000000000000000000e+00
1.549250000000000071e-01 -2.412140000000000117e-01 0.000000000000000000e+00 3.958329999999999904e-01 1.032519999999999966e-01 0.000000000000000000e+00 -0.000000000000000000e+00 -1.000000000000000000e+00
1.950999999999999956e-01 -2.369910000000000072e-01 0.000000000000000000e+00 3.958329999999999904e-01 1.032519999999999966e-01 0.000000000000000000e+00 0.000000000000000000e+00 -1.000000000000000000e+00
2.034990000000000132e-01 -1.974760000000000126e-01 0.000000000000000000e+00 3.958329999999999904e-01 1.032519999999999966e-01 0.000000000000000000e+00 0.000000000000000000e+00 -1.000000000000000000e+00
1.685139999999999971e-01 -1.772789999999999921e-01 0.000000000000000000e+00 4.166670000000000096e-01 8.739800000000000346e-02 0.000000000000000000e+00 0.000000000000000000e+00 -9.999999999999997780e-01
2.404020000000000046e-01 -1.810460000000000125e-01 0.000000000000000000e+00 4.166670000000000096e-01 8.739800000000000346e-02 0.000000000000000000e+00 0.000000000000000000e+00 -1.000000000000000222e+00
2.773050000000000237e-01 -1.646160000000000123e-01 0.000000000000000000e+00 4.166670000000000096e-01 8.739800000000000346e-02 0.000000000000000000e+00 0.000000000000000000e+00 -1.000000000000000222e+00
3.142079999999999873e-01 -1.481860000000000122e-01 0.000000000000000000e+00 4.166670000000000096e-01 8.739800000000000346e-02 0.000000000000000000e+00 0.000000000000000000e+00 -9.999999999999997780e-01
3.511099999999999777e-01 -1.317550000000000110e-01 0.000000000000000000e+00 3.958329999999999904e-01 1.032519999999999966e-01 0.000000000000000000e+00 0.000000000000000000e+00 -1.000000000000000222e+00
3.553330000000000100e-01 -9.158099999999999574e-02 0.000000000000000000e+00 4.166670000000000096e-01 8.739800000000000346e-02 0.000000000000000000e+00 0.000000000000000000e+00 -1.000000000000000000e+00
3.226530000000000231e-01 -6.783899999999999653e-02 0.000000000000000000e+00 3.750000000000000000e-01 1.190739999999999993e-01 0.000000000000000000e+00 0.000000000000000000e+00 -9.999999999999998890e-01
3.922359999999999736e-01 -7.514999999999999458e-02 0.000000000000000000e+00 4.166670000000000096e-01 8.739800000000000346e-02 0.000000000000000000e+00 0.000000000000000000e+00 -1.000000000000000222e+00
4.291409999999999947e-01 -5.872000000000000136e-02 0.000000000000000000e+00 4.166670000000000096e-01 8.739800000000000346e-02 0.000000000000000000e+00 0.000000000000000000e+00 1.000000000000000000e+00
4.660440000000000138e-01 -4.229000000000000120e-02 0.000000000000000000e+00 4.166670000000000096e-01 8.739800000000000346e-02 0.000000000000000000e+00 -0.000000000000000000e+00 -9.999999999999997780e-01
5.029470000000000329e-01 -2.586000000000000104e-02 0.000000000000000000e+00 3.750000000000000000e-01 1.190739999999999993e-01 0.000000000000000000e+00 0.000000000000000000e+00 -9.999999999999998890e-01
5.356269999999999643e-01 -4.960400000000000226e-02 0.000000000000000000e+00 4.166670000000000096e-01 8.739800000000000346e-02 -0.000000000000000000e+00 -0.000000000000000000e+00 1.000000000000000000e+00
5.725289999999999546e-01 -3.317400000000000210e-02 0.000000000000000000e+00 4.166670000000000096e-01 8.739800000000000346e-02 -0.000000000000000000e+00 -0.000000000000000000e+00 1.000000000000000000e+00
6.052119999999999722e-01 -5.691800000000000331e-02 0.000000000000000000e+00 4.166670000000000096e-01 8.739800000000000346e-02 -0.000000000000000000e+00 -0.000000000000000000e+00 1.000000000000000000e+00
6.009889999999999954e-01 -9.709299999999999875e-02 0.000000000000000000e+00 4.166670000000000096e-01 8.739800000000000346e-02 -0.000000000000000000e+00 -0.000000000000000000e+00 1.000000000000000000e+00
5.640870000000000051e-01 -1.135239999999999999e-01 0.000000000000000000e+00 4.166670000000000096e-01 8.739800000000000346e-02 0.000000000000000000e+00 -0.000000000000000000e+00 -1.000000000000000222e+00
5.314039999999999875e-01 -8.977899999999999769e-02 0.000000000000000000e+00 4.166670000000000096e-01 8.739800000000000346e-02 -0.000000000000000000e+00 -0.000000000000000000e+00 1.000000000000000000e+00
6.336699999999999555e-01 -1.208349999999999980e-01 0.000000000000000000e+00 4.166670000000000096e-01 8.739800000000000346e-02 -0.000000000000000000e+00 -0.000000000000000000e+00 1.000000000000000000e+00
6.336699999999999555e-01 -1.612310000000000132e-01 0.000000000000000000e+00 3.958329999999999904e-01 1.032519999999999966e-01 0.000000000000000000e+00 -0.000000000000000000e+00 -9.999999999999998890e-01
6.720880000000000187e-01 -1.737160000000000093e-01 0.000000000000000000e+00 4.166670000000000096e-01 8.739800000000000346e-02 -0.000000000000000000e+00 -0.000000000000000000e+00 1.000000000000000000e+00
6.958330000000000348e-01 -1.410329999999999917e-01 0.000000000000000000e+00 4.166670000000000096e-01 8.739800000000000346e-02 -0.000000000000000000e+00 -0.000000000000000000e+00 1.000000000000000000e+00
6.720880000000000187e-01 -1.083530000000000049e-01 0.000000000000000000e+00 3.958329999999999904e-01 1.032519999999999966e-01 0.000000000000000000e+00 -0.000000000000000000e+00 -9.999999999999997780e-01
7.360050000000000203e-01 -1.452559999999999962e-01 0.000000000000000000e+00 4.166670000000000096e-01 8.739800000000000346e-02 -0.000000000000000000e+00 -0.000000000000000000e+00 1.000000000000000000e+00
7.524380000000000512e-01 -1.821579999999999866e-01 0.000000000000000000e+00 4.166670000000000096e-01 8.739800000000000346e-02 -0.000000000000000000e+00 -0.000000000000000000e+00 1.000000000000000000e+00
7.286930000000000351e-01 -2.148410000000000042e-01 0.000000000000000000e+00 4.166670000000000096e-01 8.739800000000000346e-02 -0.000000000000000000e+00 -0.000000000000000000e+00 1.000000000000000000e+00
6.885189999999999921e-01 -2.106179999999999997e-01 0.000000000000000000e+00 4.166670000000000096e-01 8.739800000000000346e-02 -0.000000000000000000e+00 -0.000000000000000000e+00 1.000000000000000000e+00
7.451240000000000085e-01 -2.517440000000000233e-01 0.000000000000000000e+00 4.166670000000000096e-01 8.739800000000000346e-02 -0.000000000000000000e+00 -0.000000000000000000e+00 1.000000000000000000e+00
7.852989999999999693e-01 -2.559670000000000001e-01 0.000000000000000000e+00 4.166670000000000096e-01 8.739800000000000346e-02 0.000000000000000000e+00 -0.000000000000000000e+00 -9.999999999999998890e-01
8.017290000000000250e-01 -2.928689999999999904e-01 0.000000000000000000e+00 4.166670000000000096e-01 8.739800000000000346e-02 -0.000000000000000000e+00 -0.000000000000000000e+00 1.000000000000000000e+00
7.779840000000000089e-01 -3.255489999999999773e-01 0.000000000000000000e+00 4.166670000000000096e-01 8.739800000000000346e-02 -0.000000000000000000e+00 -0.000000000000000000e+00 1.000000000000000000e+00
7.378090000000000481e-01 -3.213269999999999738e-01 0.000000000000000000e+00 4.166670000000000096e-01 8.739800000000000346e-02 -0.000000000000000000e+00 -0.000000000000000000e+00 1.000000000000000000e+00
7.213789999999999925e-01 -2.844240000000000101e-01 0.000000000000000000e+00 4.166670000000000096e-01 8.739800000000000346e-02 0.000000000000000000e+00 -0.000000000000000000e+00 -1.000000000000000000e+00
7.944139999999999535e-01 -3.624519999999999964e-01 0.000000000000000000e+00 3.958329999999999904e-01 1.032519999999999966e-01 0.000000000000000000e+00 0.000000000000000000e+00 1.000000000000000000e+00
8.345890000000000253e-01 -3.666749999999999732e-01 0.000000000000000000e+00 4.166670000000000096e-01 8.739800000000000346e-02 -0.000000000000000000e+00 -0.000000000000000000e+00 1.000000000000000000e+00
8.510189999999999699e-01 -4.035799999999999943e-01 0.000000000000000000e+00 4.166670000000000096e-01 8.739800000000000346e-02 0.000000000000000000e+00 0.000000000000000000e+00 1.000000000000000000e+00
8.272749999999999826e-01 -4.362599999999999811e-01 0.000000000000000000e+00 3.958329999999999904e-01 1.032519999999999966e-01 0.000000000000000000e+00 0.000000000000000000e+00 1.000000000000000000e+00
7.871000000000000218e-01 -4.320379999999999776e-01 0.000000000000000000e+00 4.166670000000000096e-01 8.739800000000000346e-02 -0.000000000000000000e+00 -0.000000000000000000e+00 1.000000000000000000e+00
7.706699999999999662e-01 -3.951350000000000140e-01 0.000000000000000000e+00 4.166670000000000096e-01 8.739800000000000346e-02 -0.000000000000000000e+00 -0.000000000000000000e+00 1.000000000000000000e+00
8.437050000000000383e-01 -4.731630000000000003e-01 0.000000000000000000e+00 4.166670000000000096e-01 8.739800000000000346e-02 0.000000000000000000e+00 0.000000000000000000e+00 1.000000000000000000e+00
-1.955700000000000147e-02 -1.707160000000000066e-01 0.000000000000000000e+00 4.166670000000000096e-01 8.739800000000000346e-02 0.000000000000000000e+00 0.000000000000000000e+00 1.000000000000000000e+00
-4.658700000000000341e-02 -2.007349999999999968e-01 0.000000000000000000e+00 4.166670000000000096e-01 8.739800000000000346e-02 0.000000000000000000e+00 0.000000000000000000e+00 1.000000000000000000e+00
-7.361700000000000188e-02 -2.307539999999999869e-01 0.000000000000000000e+00 4.166670000000000096e-01 8.739800000000000346e-02 -0.000000000000000000e+00 -0.000000000000000000e+00 1.000000000000000000e+00
-8.403700000000000059e-02 -8.547799999999999843e-02 0.000000000000000000e+00 4.166670000000000096e-01 8.739800000000000346e-02 -0.000000000000000000e+00 -0.000000000000000000e+00 1.000000000000000000e+00
-1.110639999999999961e-01 -1.154980000000000034e-01 0.000000000000000000e+00 4.166670000000000096e-01 8.739800000000000346e-02 -0.000000000000000000e+00 -0.000000000000000000e+00 1.000000000000000000e+00
-9.858200000000000296e-02 -1.539159999999999973e-01 0.000000000000000000e+00 3.750000000000000000e-01 1.190739999999999993e-01 -0.000000000000000000e+00 -0.000000000000000000e+00 1.000000000000000000e+00
-1.505789999999999906e-01 -1.071010000000000018e-01 0.000000000000000000e+00 3.958329999999999904e-01 1.032519999999999966e-01 -0.000000000000000000e+00 -0.000000000000000000e+00 1.000000000000000000e+00
-1.776089999999999891e-01 -1.371199999999999919e-01 0.000000000000000000e+00 4.166670000000000096e-01 8.739800000000000346e-02 -0.000000000000000000e+00 -0.000000000000000000e+00 1.000000000000000000e+00
-2.046389999999999876e-01 -1.671390000000000098e-01 0.000000000000000000e+00 4.166670000000000096e-01 8.739800000000000346e-02 0.000000000000000000e+00 0.000000000000000000e+00 1.000000000000000000e+00
-1.921539999999999915e-01 -2.055579999999999907e-01 0.000000000000000000e+00 3.750000000000000000e-01 1.190739999999999993e-01 0.000000000000000000e+00 0.000000000000000000e+00 -9.999999999999998890e-01
-2.441510000000000069e-01 -1.587399999999999922e-01 0.000000000000000000e+00 3.958329999999999904e-01 1.032519999999999966e-01 0.000000000000000000e+00 0.000000000000000000e+00 1.000000000000000000e+00
-2.566339999999999733e-01 -1.203229999999999994e-01 0.000000000000000000e+00 4.166670000000000096e-01 8.739800000000000346e-02 -0.000000000000000000e+00 -0.000000000000000000e+00 1.000000000000000000e+00
-2.691160000000000219e-01 -8.190500000000000558e-02 0.000000000000000000e+00 4.166670000000000096e-01 8.739800000000000346e-02 0.000000000000000000e+00 0.000000000000000000e+00 1.000000000000000000e+00
-2.453740000000000088e-01 -4.922399999999999692e-02 0.000000000000000000e+00 3.958329999999999904e-01 1.032519999999999966e-01 0.000000000000000000e+00 0.000000000000000000e+00 1.000000000000000000e+00
-2.691160000000000219e-01 -1.654200000000000115e-02 0.000000000000000000e+00 3.958329999999999904e-01 1.032519999999999966e-01 -0.000000000000000000e+00 -0.000000000000000000e+00 1.000000000000000000e+00
-3.075350000000000028e-01 -2.902700000000000072e-02 0.000000000000000000e+00 3.958329999999999904e-01 1.032519999999999966e-01 0.000000000000000000e+00 -0.000000000000000000e+00 -1.000000000000000000e+00
-3.075350000000000028e-01 -6.942199999999999760e-02 0.000000000000000000e+00 4.166670000000000096e-01 8.739800000000000346e-02 -0.000000000000000000e+00 -0.000000000000000000e+00 1.000000000000000000e+00
-3.402149999999999896e-01 -5.282000000000000237e-03 0.000000000000000000e+00 4.166670000000000096e-01 8.739800000000000346e-02 0.000000000000000000e+00 -0.000000000000000000e+00 -1.000000000000000000e+00
-3.728980000000000072e-01 1.846199999999999924e-02 0.000000000000000000e+00 4.166670000000000096e-01 8.739800000000000346e-02 0.000000000000000000e+00 -0.000000000000000000e+00 -1.000000000000000000e+00
-4.055779999999999941e-01 4.220700000000000146e-02 0.000000000000000000e+00 4.166670000000000096e-01 8.739800000000000346e-02 0.000000000000000000e+00 -0.000000000000000000e+00 -1.000000000000000000e+00
-4.382579999999999809e-01 6.595199999999999674e-02 0.000000000000000000e+00 3.958329999999999904e-01 1.032519999999999966e-01 0.000000000000000000e+00 -0.000000000000000000e+00 -9.999999999999996669e-01
-4.751600000000000268e-01 4.952100000000000252e-02 0.000000000000000000e+00 4.166670000000000096e-01 8.739800000000000346e-02 0.000000000000000000e+00 -0.000000000000000000e+00 -1.000000000000000000e+00
-4.793830000000000036e-01 9.346000000000000141e-03 0.000000000000000000e+00 3.750000000000000000e-01 1.190739999999999993e-01 0.000000000000000000e+00 -0.000000000000000000e+00 -1.000000000000000000e+00
-5.078430000000000444e-01 7.326299999999999479e-02 0.000000000000000000e+00 4.166670000000000096e-01 8.739800000000000346e-02 0.000000000000000000e+00 -0.000000000000000000e+00 -1.000000000000000000e+00
-5.405229999999999757e-01 9.700799999999999701e-02 0.000000000000000000e+00 4.166670000000000096e-01 8.739800000000000346e-02 -0.000000000000000000e+00 -0.000000000000000000e+00 1.000000000000000000e+00
-5.732030000000000181e-01 1.207519999999999982e-01 0.000000000000000000e+00 4.166670000000000096e-01 8.739800000000000346e-02 0.000000000000000000e+00 -0.000000000000000000e+00 -1.000000000000000000e+00
-6.058829999999999494e-01 1.444969999999999866e-01 0.000000000000000000e+00 3.750000000000000000e-01 1.190739999999999993e-01 0.000000000000000000e+00 -0.000000000000000000e+00 -9.999999999999997780e-01
-6.016610000000000014e-01 1.846689999999999998e-01 0.000000000000000000e+00 4.166670000000000096e-01 8.739800000000000346e-02 -0.000000000000000000e+00 -0.000000000000000000e+00 1.000000000000000000e+00
-6.343429999999999902e-01 2.084129999999999872e-01 0.000000000000000000e+00 4.166670000000000096e-01 8.739800000000000346e-02 -0.000000000000000000e+00 -0.000000000000000000e+00 1.000000000000000000e+00
-6.301210000000000422e-01 2.485880000000000034e-01 0.000000000000000000e+00 4.166670000000000096e-01 8.739800000000000346e-02 -0.000000000000000000e+00 -0.000000000000000000e+00 1.000000000000000000e+00
-5.932180000000000231e-01 2.650179999999999758e-01 0.000000000000000000e+00 4.166670000000000096e-01 8.739800000000000346e-02 -0.000000000000000000e+00 -0.000000000000000000e+00 1.000000000000000000e+00
-5.605350000000000055e-01 2.412739999999999885e-01 0.000000000000000000e+00 4.166670000000000096e-01 8.739800000000000346e-02 0.000000000000000000e+00 -0.000000000000000000e+00 -1.000000000000000000e+00
-5.647579999999999822e-01 2.011020000000000030e-01 0.000000000000000000e+00 4.166670000000000096e-01 8.739800000000000346e-02 -0.000000000000000000e+00 -0.000000000000000000e+00 1.000000000000000000e+00
-5.889950000000000463e-01 3.051929999999999921e-01 0.000000000000000000e+00 4.166670000000000096e-01 8.739800000000000346e-02 -0.000000000000000000e+00 -0.000000000000000000e+00 1.000000000000000000e+00
-5.540100000000000025e-01 3.253909999999999858e-01 0.000000000000000000e+00 3.958329999999999904e-01 1.032519999999999966e-01 0.000000000000000000e+00 0.000000000000000000e+00 -1.000000000000000000e+00
-5.624099999999999655e-01 3.649029999999999774e-01 0.000000000000000000e+00 4.166670000000000096e-01 8.739800000000000346e-02 0.000000000000000000e+00 0.000000000000000000e+00 1.000000000000000000e+00
-6.025840000000000085e-01 3.691260000000000097e-01 0.000000000000000000e+00 4.166670000000000096e-01 8.739800000000000346e-02 0.000000000000000000e+00 0.000000000000000000e+00 1.000000000000000000e+00
-6.190149999999999819e-01 3.322229999999999905e-01 0.000000000000000000e+00 3.958329999999999904e-01 1.032519999999999966e-01 0.000000000000000000e+00 0.000000000000000000e+00 -1.000000000000000000e+00
-6.190149999999999819e-01 4.060289999999999733e-01 0.000000000000000000e+00 4.166670000000000096e-01 8.739800000000000346e-02 0.000000000000000000e+00 0.000000000000000000e+00 1.000000000000000000e+00
-5.952699999999999658e-01 4.387110000000000176e-01 0.000000000000000000e+00 4.166670000000000096e-01 8.739800000000000346e-02 0.000000000000000000e+00 0.000000000000000000e+00 1.000000000000000000e+00
-5.550950000000000051e-01 4.344890000000000141e-01 0.000000000000000000e+00 4.166670000000000096e-01 8.739800000000000346e-02 0.000000000000000000e+00 0.000000000000000000e+00 1.000000000000000000e+00
-5.386649999999999494e-01 3.975830000000000197e-01 0.000000000000000000e+00 4.166670000000000096e-01 8.739800000000000346e-02 0.000000000000000000e+00 0.000000000000000000e+00 1.000000000000000000e+00
-5.313510000000000177e-01 4.671690000000000009e-01 0.000000000000000000e+00 4.166670000000000096e-01 8.739800000000000346e-02 -0.000000000000000000e+00 -0.000000000000000000e+00 1.000000000000000000e+00
-5.477840000000000487e-01 5.040719999999999645e-01 0.000000000000000000e+00 4.166670000000000096e-01 8.739800000000000346e-02 0.000000000000000000e+00 0.000000000000000000e+00 -1.000000000000000000e+00
-5.240390000000000326e-01 5.367520000000000069e-01 0.000000000000000000e+00 4.166670000000000096e-01 8.739800000000000346e-02 0.000000000000000000e+00 0.000000000000000000e+00 1.000000000000000000e+00
-4.838640000000000163e-01 5.325290000000000301e-01 0.000000000000000000e+00 4.166670000000000096e-01 8.739800000000000346e-02 0.000000000000000000e+00 0.000000000000000000e+00 1.000000000000000000e+00
-4.674340000000000162e-01 4.956260000000000110e-01 0.000000000000000000e+00 4.166670000000000096e-01 8.739800000000000346e-02 0.000000000000000000e+00 0.000000000000000000e+00 1.000000000000000000e+00
-4.911789999999999767e-01 4.629460000000000242e-01 0.000000000000000000e+00 4.166670000000000096e-01 8.739800000000000346e-02 0.000000000000000000e+00 0.000000000000000000e+00 -1.000000000000000000e+00
-4.601199999999999735e-01 5.652120000000000477e-01 0.000000000000000000e+00 3.958329999999999904e-01 1.032519999999999966e-01 -0.000000000000000000e+00 -0.000000000000000000e+00 1.000000000000000000e+00
-4.765499999999999736e-01 6.021140000000000381e-01 0.000000000000000000e+00 4.166670000000000096e-01 8.739800000000000346e-02 0.000000000000000000e+00 0.000000000000000000e+00 1.000000000000000000e+00
-4.528050000000000130e-01 6.347939999999999694e-01 0.000000000000000000e+00 4.166670000000000096e-01 8.739800000000000346e-02 0.000000000000000000e+00 0.000000000000000000e+00 1.000000000000000000e+00
-4.126330000000000275e-01 6.305720000000000214e-01 0.000000000000000000e+00 3.958329999999999904e-01 1.032519999999999966e-01 -0.000000000000000000e+00 -0.000000000000000000e+00 1.000000000000000000e+00
-3.962030000000000274e-01 5.936690000000000023e-01 0.000000000000000000e+00 4.166670000000000096e-01 8.739800000000000346e-02 0.000000000000000000e+00 0.000000000000000000e+00 1.000000000000000000e+00
-4.199450000000000127e-01 5.609889999999999599e-01 0.000000000000000000e+00 4.166670000000000096e-01 8.739800000000000346e-02 0.000000000000000000e+00 0.000000000000000000e+00 1.000000000000000000e+00
-3.888889999999999847e-01 6.632519999999999527e-01 0.000000000000000000e+00 4.166670000000000096e-01 8.739800000000000346e-02 -0.000000000000000000e+00 -0.000000000000000000e+00 1.000000000000000000e+00
-2.711810000000000054e-01 -1.887620000000000131e-01 0.000000000000000000e+00 4.166670000000000096e-01 8.739800000000000346e-02 0.000000000000000000e+00 0.000000000000000000e+00 1.000000000000000000e+00
-2.982110000000000039e-01 -2.187810000000000032e-01 0.000000000000000000e+00 4.166670000000000096e-01 8.739800000000000346e-02 0.000000000000000000e+00 0.000000000000000000e+00 1.000000000000000000e+00
-2.857270000000000088e-01 -2.571999999999999842e-01 0.000000000000000000e+00 3.750000000000000000e-01 1.190739999999999993e-01 0.000000000000000000e+00 0.000000000000000000e+00 1.000000000000000000e+00
-3.377240000000000242e-01 -2.103810000000000124e-01 0.000000000000000000e+00 3.958329999999999904e-01 1.032519999999999966e-01 0.000000000000000000e+00 0.000000000000000000e+00 1.000000000000000000e+00
-1.630610000000000115e-01 -6.868200000000000693e-02 0.000000000000000000e+00 4.166670000000000096e-01 8.739800000000000346e-02 -0.000000000000000000e+00 -0.000000000000000000e+00 1.000000000000000000e+00
-1.755430000000000046e-01 -3.026300000000000170e-02 0.000000000000000000e+00 4.166670000000000096e-01 8.739800000000000346e-02 0.000000000000000000e+00 0.000000000000000000e+00 1.000000000000000000e+00
-1.880259999999999987e-01 8.156000000000000055e-03 0.000000000000000000e+00 4.166670000000000096e-01 8.739800000000000346e-02 0.000000000000000000e+00 0.000000000000000000e+00 1.000000000000000000e+00
-1.069380000000000053e-01 9.821399999999999575e-02 0.000000000000000000e+00 0.000000000000000000e+00 0.000000000000000000e+00 0.000000000000000000e+00 0.000000000000000000e+00 1.000000000000000000e+00
-1.328719999999999901e-01 4.731300000000000089e-02 0.000000000000000000e+00 0.000000000000000000e+00 0.000000000000000000e+00 0.000000000000000000e+00 0.000000000000000000e+00 1.000000000000000000e+00
-5.603400000000000047e-02 7.227999999999999703e-02 0.000000000000000000e+00 0.000000000000000000e+00 0.000000000000000000e+00 -0.000000000000000000e+00 -0.000000000000000000e+00 1.000000000000000000e+00
-1.203899999999999970e-01 8.894000000000000863e-03 0.000000000000000000e+00 0.000000000000000000e+00 0.000000000000000000e+00 0.000000000000000000e+00 0.000000000000000000e+00 1.000000000000000000e+00
-4.355200000000000043e-02 3.386100000000000221e-02 0.000000000000000000e+00 0.000000000000000000e+00 0.000000000000000000e+00 0.000000000000000000e+00 -0.000000000000000000e+00 -1.000000000000000000e+00
-3.107000000000000040e-02 -4.558000000000000419e-03 0.000000000000000000e+00 0.000000000000000000e+00 0.000000000000000000e+00 -0.000000000000000000e+00 -0.000000000000000000e+00 1.000000000000000000e+00
-1.079080000000000039e-01 -2.952499999999999916e-02 0.000000000000000000e+00 0.000000000000000000e+00 0.000000000000000000e+00 -0.000000000000000000e+00 -0.000000000000000000e+00 1.000000000000000000e+00
3.341000000000000220e-02 -8.979199999999999682e-02 0.000000000000000000e+00 0.000000000000000000e+00 0.000000000000000000e+00 0.000000000000000000e+00 -0.000000000000000000e+00 -1.000000000000000000e+00
-3.466500000000000137e-02 -1.161060000000000009e-01 0.000000000000000000e+00 0.000000000000000000e+00 0.000000000000000000e+00 -0.000000000000000000e+00 -0.000000000000000000e+00 1.000000000000000000e+00
3.243999999999999662e-02 -2.175310000000000021e-01 0.000000000000000000e+00 0.000000000000000000e+00 0.000000000000000000e+00 0.000000000000000000e+00 0.000000000000000000e+00 -1.000000000000000000e+00
9.058299999999999685e-02 -2.354239999999999944e-01 0.000000000000000000e+00 0.000000000000000000e+00 0.000000000000000000e+00 0.000000000000000000e+00 -0.000000000000000000e+00 -1.000000000000000000e+00
1.073820000000000052e-01 -1.563970000000000082e-01 0.000000000000000000e+00 0.000000000000000000e+00 0.000000000000000000e+00 -0.000000000000000000e+00 -0.000000000000000000e+00 1.000000000000000000e+00
1.642909999999999926e-01 -1.371060000000000056e-01 0.000000000000000000e+00 0.000000000000000000e+00 0.000000000000000000e+00 0.000000000000000000e+00 0.000000000000000000e+00 -9.999999999999997780e-01
2.568320000000000047e-01 -2.179520000000000068e-01 0.000000000000000000e+00 0.000000000000000000e+00 0.000000000000000000e+00 0.000000000000000000e+00 0.000000000000000000e+00 -1.000000000000000000e+00
2.239720000000000044e-01 -1.441429999999999934e-01 0.000000000000000000e+00 0.000000000000000000e+00 0.000000000000000000e+00 0.000000000000000000e+00 0.000000000000000000e+00 -1.000000000000000000e+00
2.937350000000000239e-01 -2.015210000000000057e-01 0.000000000000000000e+00 0.000000000000000000e+00 0.000000000000000000e+00 0.000000000000000000e+00 0.000000000000000000e+00 -1.000000000000000222e+00
2.608750000000000235e-01 -1.277129999999999932e-01 0.000000000000000000e+00 0.000000000000000000e+00 0.000000000000000000e+00 0.000000000000000000e+00 0.000000000000000000e+00 -1.000000000000000000e+00
2.977770000000000139e-01 -1.112830000000000069e-01 0.000000000000000000e+00 0.000000000000000000e+00 0.000000000000000000e+00 0.000000000000000000e+00 0.000000000000000000e+00 1.000000000000000000e+00
3.306379999999999875e-01 -1.850880000000000025e-01 0.000000000000000000e+00 0.000000000000000000e+00 0.000000000000000000e+00 0.000000000000000000e+00 0.000000000000000000e+00 -1.000000000000000000e+00
3.837929999999999953e-01 -1.554999999999999993e-01 0.000000000000000000e+00 0.000000000000000000e+00 0.000000000000000000e+00 0.000000000000000000e+00 0.000000000000000000e+00 -9.999999999999997780e-01
4.086690000000000045e-01 -1.120560000000000028e-01 0.000000000000000000e+00 0.000000000000000000e+00 0.000000000000000000e+00 0.000000000000000000e+00 0.000000000000000000e+00 -9.999999999999997780e-01
3.758050000000000002e-01 -3.824799999999999728e-02 0.000000000000000000e+00 0.000000000000000000e+00 0.000000000000000000e+00 0.000000000000000000e+00 0.000000000000000000e+00 -9.999999999999997780e-01
4.127109999999999945e-01 -2.181699999999999959e-02 0.000000000000000000e+00 0.000000000000000000e+00 0.000000000000000000e+00 0.000000000000000000e+00 0.000000000000000000e+00 -1.000000000000000000e+00
4.455709999999999948e-01 -9.562299999999999967e-02 0.000000000000000000e+00 0.000000000000000000e+00 0.000000000000000000e+00 0.000000000000000000e+00 0.000000000000000000e+00 1.000000000000000000e+00
4.824740000000000140e-01 -7.919299999999999951e-02 0.000000000000000000e+00 0.000000000000000000e+00 0.000000000000000000e+00 0.000000000000000000e+00 -0.000000000000000000e+00 -9.999999999999998890e-01
4.496140000000000136e-01 -5.387000000000000295e-03 0.000000000000000000e+00 0.000000000000000000e+00 0.000000000000000000e+00 0.000000000000000000e+00 0.000000000000000000e+00 -9.999999999999998890e-01
5.767520000000000424e-01 7.001000000000000278e-03 0.000000000000000000e+00 0.000000000000000000e+00 0.000000000000000000e+00 0.000000000000000000e+00 -0.000000000000000000e+00 -1.000000000000000000e+00
6.421149999999999913e-01 -4.048800000000000315e-02 0.000000000000000000e+00 0.000000000000000000e+00 0.000000000000000000e+00 0.000000000000000000e+00 -0.000000000000000000e+00 -1.000000000000000000e+00
5.598640000000000283e-01 -1.536959999999999993e-01 0.000000000000000000e+00 0.000000000000000000e+00 0.000000000000000000e+00 0.000000000000000000e+00 -0.000000000000000000e+00 -1.000000000000000000e+00
4.945010000000000239e-01 -1.062089999999999979e-01 0.000000000000000000e+00 0.000000000000000000e+00 0.000000000000000000e+00 0.000000000000000000e+00 -0.000000000000000000e+00 -9.999999999999998890e-01
6.845710000000000406e-01 -6.993399999999999617e-02 0.000000000000000000e+00 0.000000000000000000e+00 0.000000000000000000e+00 0.000000000000000000e+00 -0.000000000000000000e+00 -1.000000000000000222e+00
7.597500000000000364e-01 -1.125759999999999955e-01 0.000000000000000000e+00 0.000000000000000000e+00 0.000000000000000000e+00 0.000000000000000000e+00 -0.000000000000000000e+00 -1.000000000000000222e+00
7.926100000000000367e-01 -1.863809999999999911e-01 0.000000000000000000e+00 0.000000000000000000e+00 0.000000000000000000e+00 0.000000000000000000e+00 -0.000000000000000000e+00 -9.999999999999997780e-01
6.647739999999999760e-01 -2.432979999999999865e-01 0.000000000000000000e+00 0.000000000000000000e+00 0.000000000000000000e+00 0.000000000000000000e+00 -0.000000000000000000e+00 -9.999999999999998890e-01
8.090399999999999814e-01 -2.232860000000000122e-01 0.000000000000000000e+00 0.000000000000000000e+00 0.000000000000000000e+00 0.000000000000000000e+00 -0.000000000000000000e+00 -1.000000000000000000e+00
8.419039999999999857e-01 -2.970920000000000227e-01 0.000000000000000000e+00 0.000000000000000000e+00 0.000000000000000000e+00 0.000000000000000000e+00 -0.000000000000000000e+00 -1.000000000000000000e+00
7.140649999999999498e-01 -3.540090000000000181e-01 0.000000000000000000e+00 0.000000000000000000e+00 0.000000000000000000e+00 0.000000000000000000e+00 -0.000000000000000000e+00 -1.000000000000000222e+00
6.812040000000000317e-01 -2.802009999999999779e-01 0.000000000000000000e+00 0.000000000000000000e+00 0.000000000000000000e+00 0.000000000000000000e+00 -0.000000000000000000e+00 -1.000000000000000000e+00
8.737840000000000051e-01 -3.569019999999999970e-01 0.000000000000000000e+00 0.000000000000000000e+00 0.000000000000000000e+00 0.000000000000000000e+00 -0.000000000000000000e+00 -1.000000000000000000e+00
8.317700000000000093e-01 -3.263789999999999747e-01 0.000000000000000000e+00 0.000000000000000000e+00 0.000000000000000000e+00 -0.000000000000000000e+00 -0.000000000000000000e+00 1.000000000000000000e+00
8.824119999999999742e-01 -4.289999999999999925e-01 0.000000000000000000e+00 0.000000000000000000e+00 0.000000000000000000e+00 0.000000000000000000e+00 0.000000000000000000e+00 -9.999999999999998890e-01
8.845070000000000432e-01 -3.809910000000000241e-01 0.000000000000000000e+00 0.000000000000000000e+00 0.000000000000000000e+00 0.000000000000000000e+00 -0.000000000000000000e+00 -1.000000000000000000e+00
7.479059999999999597e-01 -4.418110000000000093e-01 0.000000000000000000e+00 0.000000000000000000e+00 0.000000000000000000e+00 0.000000000000000000e+00 -0.000000000000000000e+00 -1.000000000000000000e+00
7.849859999999999616e-01 -4.723769999999999913e-01 0.000000000000000000e+00 0.000000000000000000e+00 0.000000000000000000e+00 0.000000000000000000e+00 -0.000000000000000000e+00 -9.999999999999998890e-01
7.426080000000000458e-01 -3.660769999999999857e-01 0.000000000000000000e+00 0.000000000000000000e+00 0.000000000000000000e+00 0.000000000000000000e+00 0.000000000000000000e+00 1.000000000000000000e+00
7.371820000000000039e-01 -4.177239999999999842e-01 0.000000000000000000e+00 0.000000000000000000e+00 0.000000000000000000e+00 0.000000000000000000e+00 -0.000000000000000000e+00 -9.999999999999997780e-01
8.601349999999999829e-01 -5.100660000000000194e-01 0.000000000000000000e+00 0.000000000000000000e+00 0.000000000000000000e+00 0.000000000000000000e+00 0.000000000000000000e+00 -1.000000000000000000e+00
8.090810000000000501e-01 -4.939689999999999914e-01 0.000000000000000000e+00 0.000000000000000000e+00 0.000000000000000000e+00 -0.000000000000000000e+00 -0.000000000000000000e+00 1.000000000000000000e+00
8.823370000000000379e-01 -4.613539999999999863e-01 0.000000000000000000e+00 0.000000000000000000e+00 0.000000000000000000e+00 0.000000000000000000e+00 0.000000000000000000e+00 1.000000000000000000e+00
1.046200000000000081e-02 -1.977460000000000051e-01 0.000000000000000000e+00 0.000000000000000000e+00 0.000000000000000000e+00 -0.000000000000000000e+00 -0.000000000000000000e+00 1.000000000000000000e+00
-4.957600000000000201e-02 -1.436860000000000082e-01 0.000000000000000000e+00 0.000000000000000000e+00 0.000000000000000000e+00 0.000000000000000000e+00 0.000000000000000000e+00 1.000000000000000000e+00
-1.656799999999999939e-02 -2.277649999999999952e-01 0.000000000000000000e+00 0.000000000000000000e+00 0.000000000000000000e+00 0.000000000000000000e+00 0.000000000000000000e+00 -1.000000000000000222e+00
-7.660699999999999454e-02 -1.737049999999999983e-01 0.000000000000000000e+00 0.000000000000000000e+00 0.000000000000000000e+00 -0.000000000000000000e+00 -0.000000000000000000e+00 1.000000000000000000e+00
-1.006470000000000004e-01 -2.607740000000000058e-01 0.000000000000000000e+00 0.000000000000000000e+00 0.000000000000000000e+00 -0.000000000000000000e+00 -0.000000000000000000e+00 1.000000000000000000e+00
-1.036370000000000069e-01 -2.037239999999999884e-01 0.000000000000000000e+00 0.000000000000000000e+00 0.000000000000000000e+00 0.000000000000000000e+00 -0.000000000000000000e+00 -9.999999999999997780e-01
-4.359799999999999787e-02 -2.577840000000000131e-01 0.000000000000000000e+00 0.000000000000000000e+00 0.000000000000000000e+00 0.000000000000000000e+00 0.000000000000000000e+00 -9.999999999999998890e-01
-6.257000000000000062e-02 -1.101729999999999932e-01 0.000000000000000000e+00 0.000000000000000000e+00 0.000000000000000000e+00 -0.000000000000000000e+00 -0.000000000000000000e+00 1.000000000000000000e+00
-1.054999999999999966e-01 -6.078299999999999675e-02 0.000000000000000000e+00 0.000000000000000000e+00 0.000000000000000000e+00 -0.000000000000000000e+00 -0.000000000000000000e+00 1.000000000000000000e+00
-1.475869999999999960e-01 -1.641499999999999904e-01 0.000000000000000000e+00 0.000000000000000000e+00 0.000000000000000000e+00 0.000000000000000000e+00 -0.000000000000000000e+00 -9.999999999999997780e-01
-1.990750000000000020e-01 -1.124249999999999972e-01 0.000000000000000000e+00 0.000000000000000000e+00 0.000000000000000000e+00 0.000000000000000000e+00 0.000000000000000000e+00 1.000000000000000000e+00
-2.269809999999999883e-01 -1.064950000000000063e-01 0.000000000000000000e+00 0.000000000000000000e+00 0.000000000000000000e+00 0.000000000000000000e+00 0.000000000000000000e+00 1.000000000000000000e+00
-2.950530000000000097e-01 -1.328060000000000074e-01 0.000000000000000000e+00 0.000000000000000000e+00 0.000000000000000000e+00 0.000000000000000000e+00 0.000000000000000000e+00 1.000000000000000000e+00
-3.402149999999999896e-01 -9.316399999999999681e-02 0.000000000000000000e+00 0.000000000000000000e+00 0.000000000000000000e+00 0.000000000000000000e+00 -0.000000000000000000e+00 -9.999999999999997780e-01
-3.164730000000000043e-01 2.740099999999999827e-02 0.000000000000000000e+00 0.000000000000000000e+00 0.000000000000000000e+00 0.000000000000000000e+00 -0.000000000000000000e+00 -1.000000000000000000e+00
-3.639589999999999770e-01 -3.796200000000000269e-02 0.000000000000000000e+00 0.000000000000000000e+00 0.000000000000000000e+00 0.000000000000000000e+00 -0.000000000000000000e+00 -1.000000000000000000e+00
-3.966390000000000193e-01 -1.421799999999999974e-02 0.000000000000000000e+00 0.000000000000000000e+00 0.000000000000000000e+00 0.000000000000000000e+00 -0.000000000000000000e+00 -1.000000000000000222e+00
-3.491529999999999911e-01 5.114199999999999996e-02 0.000000000000000000e+00 0.000000000000000000e+00 0.000000000000000000e+00 0.000000000000000000e+00 -0.000000000000000000e+00 -1.000000000000000000e+00
-4.293219999999999814e-01 9.527000000000000746e-03 0.000000000000000000e+00 0.000000000000000000e+00 0.000000000000000000e+00 -0.000000000000000000e+00 -0.000000000000000000e+00 1.000000000000000000e+00
-3.818329999999999780e-01 7.488699999999999524e-02 0.000000000000000000e+00 0.000000000000000000e+00 0.000000000000000000e+00 0.000000000000000000e+00 -0.000000000000000000e+00 -9.999999999999998890e-01
-4.340350000000000041e-01 1.061239999999999961e-01 0.000000000000000000e+00 0.000000000000000000e+00 0.000000000000000000e+00 0.000000000000000000e+00 -0.000000000000000000e+00 -1.000000000000000000e+00
-5.315849999999999742e-01 4.058300000000000102e-02 0.000000000000000000e+00 0.000000000000000000e+00 0.000000000000000000e+00 0.000000000000000000e+00 -0.000000000000000000e+00 -1.000000000000000000e+00
-4.840990000000000015e-01 1.059459999999999985e-01 0.000000000000000000e+00 0.000000000000000000e+00 0.000000000000000000e+00 0.000000000000000000e+00 -0.000000000000000000e+00 -1.000000000000000222e+00
-5.167789999999999884e-01 1.296879999999999977e-01 0.000000000000000000e+00 0.000000000000000000e+00 0.000000000000000000e+00 -0.000000000000000000e+00 -0.000000000000000000e+00 1.000000000000000000e+00
-5.642679999999999918e-01 6.432799999999999629e-02 0.000000000000000000e+00 0.000000000000000000e+00 0.000000000000000000e+00 0.000000000000000000e+00 -0.000000000000000000e+00 -9.999999999999998890e-01
-5.969480000000000341e-01 8.807199999999999751e-02 0.000000000000000000e+00 0.000000000000000000e+00 0.000000000000000000e+00 0.000000000000000000e+00 -0.000000000000000000e+00 -9.999999999999997780e-01
-5.494590000000000307e-01 1.534320000000000128e-01 0.000000000000000000e+00 0.000000000000000000e+00 0.000000000000000000e+00 0.000000000000000000e+00 -0.000000000000000000e+00 -1.000000000000000000e+00
-6.712460000000000093e-01 1.919829999999999870e-01 0.000000000000000000e+00 0.000000000000000000e+00 0.000000000000000000e+00 0.000000000000000000e+00 -0.000000000000000000e+00 -1.000000000000000000e+00
-6.628009999999999735e-01 2.723329999999999917e-01 0.000000000000000000e+00 0.000000000000000000e+00 0.000000000000000000e+00 0.000000000000000000e+00 0.000000000000000000e+00 -1.000000000000000000e+00
-5.236319999999999864e-01 2.577039999999999886e-01 0.000000000000000000e+00 0.000000000000000000e+00 0.000000000000000000e+00 0.000000000000000000e+00 -0.000000000000000000e+00 -1.000000000000000000e+00
-5.320780000000000509e-01 1.773569999999999869e-01 0.000000000000000000e+00 0.000000000000000000e+00 0.000000000000000000e+00 0.000000000000000000e+00 -0.000000000000000000e+00 -1.000000000000000222e+00
-6.585269999999999735e-01 3.238240000000000007e-01 0.000000000000000000e+00 0.000000000000000000e+00 0.000000000000000000e+00 0.000000000000000000e+00 -0.000000000000000000e+00 -1.000000000000000222e+00
-6.591890000000000249e-01 4.102509999999999768e-01 0.000000000000000000e+00 0.000000000000000000e+00 0.000000000000000000e+00 0.000000000000000000e+00 0.000000000000000000e+00 -9.999999999999997780e-01
-6.117000000000000215e-01 4.756139999999999812e-01 0.000000000000000000e+00 0.000000000000000000e+00 0.000000000000000000e+00 0.000000000000000000e+00 0.000000000000000000e+00 -1.000000000000000000e+00
-4.984899999999999887e-01 3.933630000000000182e-01 0.000000000000000000e+00 0.000000000000000000e+00 0.000000000000000000e+00 0.000000000000000000e+00 0.000000000000000000e+00 -1.000000000000000000e+00
-5.879560000000000342e-01 5.082940000000000236e-01 0.000000000000000000e+00 0.000000000000000000e+00 0.000000000000000000e+00 0.000000000000000000e+00 0.000000000000000000e+00 -9.999999999999997780e-01
-5.404689999999999772e-01 5.736539999999999973e-01 0.000000000000000000e+00 0.000000000000000000e+00 0.000000000000000000e+00 0.000000000000000000e+00 0.000000000000000000e+00 -1.000000000000000000e+00
-4.272589999999999999e-01 4.914029999999999787e-01 0.000000000000000000e+00 0.000000000000000000e+00 0.000000000000000000e+00 0.000000000000000000e+00 0.000000000000000000e+00 -1.000000000000000000e+00
-4.747480000000000033e-01 4.260430000000000050e-01 0.000000000000000000e+00 0.000000000000000000e+00 0.000000000000000000e+00 0.000000000000000000e+00 0.000000000000000000e+00 -1.000000000000000000e+00
-5.046119999999999495e-01 6.311719999999999553e-01 0.000000000000000000e+00 0.000000000000000000e+00 0.000000000000000000e+00 0.000000000000000000e+00 0.000000000000000000e+00 -9.999999999999998890e-01
-5.100409999999999666e-01 5.795249999999999568e-01 0.000000000000000000e+00 0.000000000000000000e+00 0.000000000000000000e+00 0.000000000000000000e+00 0.000000000000000000e+00 1.000000000000000000e+00
-4.464879999999999960e-01 6.746919999999999584e-01 0.000000000000000000e+00 0.000000000000000000e+00 0.000000000000000000e+00 0.000000000000000000e+00 0.000000000000000000e+00 -9.999999999999998890e-01
-4.891130000000000200e-01 6.525039999999999729e-01 0.000000000000000000e+00 0.000000000000000000e+00 0.000000000000000000e+00 0.000000000000000000e+00 0.000000000000000000e+00 -9.999999999999996669e-01
-3.681420000000000248e-01 5.646109999999999740e-01 0.000000000000000000e+00 0.000000000000000000e+00 0.000000000000000000e+00 0.000000000000000000e+00 0.000000000000000000e+00 -1.000000000000000000e+00
-3.602079999999999727e-01 6.120060000000000500e-01 0.000000000000000000e+00 0.000000000000000000e+00 0.000000000000000000e+00 0.000000000000000000e+00 -0.000000000000000000e+00 -9.999999999999998890e-01
-4.310809999999999920e-01 5.221580000000000110e-01 0.000000000000000000e+00 0.000000000000000000e+00 0.000000000000000000e+00 0.000000000000000000e+00 0.000000000000000000e+00 1.000000000000000000e+00
-3.836370000000000058e-01 5.432799999999999851e-01 0.000000000000000000e+00 0.000000000000000000e+00 0.000000000000000000e+00 0.000000000000000000e+00 0.000000000000000000e+00 -1.000000000000000000e+00
-3.651440000000000241e-01 6.959349999999999703e-01 0.000000000000000000e+00 0.000000000000000000e+00 0.000000000000000000e+00 0.000000000000000000e+00 -0.000000000000000000e+00 -1.000000000000000444e+00
-3.535559999999999814e-01 6.436709999999999932e-01 0.000000000000000000e+00 0.000000000000000000e+00 0.000000000000000000e+00 -0.000000000000000000e+00 -0.000000000000000000e+00 1.000000000000000000e+00
-4.184320000000000261e-01 6.908039999999999736e-01 0.000000000000000000e+00 0.000000000000000000e+00 0.000000000000000000e+00 -0.000000000000000000e+00 -0.000000000000000000e+00 1.000000000000000000e+00
-2.411619999999999875e-01 -2.157920000000000116e-01 0.000000000000000000e+00 0.000000000000000000e+00 0.000000000000000000e+00 0.000000000000000000e+00 0.000000000000000000e+00 1.000000000000000000e+00
-3.012009999999999965e-01 -1.617319999999999869e-01 0.000000000000000000e+00 0.000000000000000000e+00 0.000000000000000000e+00 0.000000000000000000e+00 0.000000000000000000e+00 1.000000000000000000e+00
-3.647540000000000227e-01 -2.404010000000000036e-01 0.000000000000000000e+00 0.000000000000000000e+00 0.000000000000000000e+00 0.000000000000000000e+00 -0.000000000000000000e+00 -1.000000000000000000e+00
-3.502060000000000173e-01 -1.719630000000000047e-01 0.000000000000000000e+00 0.000000000000000000e+00 0.000000000000000000e+00 0.000000000000000000e+00 0.000000000000000000e+00 -1.000000000000000000e+00
-1.334049999999999958e-01 -5.485299999999999898e-02 0.000000000000000000e+00 0.000000000000000000e+00 0.000000000000000000e+00 0.000000000000000000e+00 0.000000000000000000e+00 1.000000000000000000e+00
-2.014799999999999924e-01 -8.116400000000000003e-02 0.000000000000000000e+00 0.000000000000000000e+00 0.000000000000000000e+00 -0.000000000000000000e+00 -0.000000000000000000e+00 1.000000000000000000e+00
-2.139620000000000133e-01 -4.274499999999999827e-02 0.000000000000000000e+00 0.000000000000000000e+00 0.000000000000000000e+00 0.000000000000000000e+00 0.000000000000000000e+00 1.000000000000000000e+00
-1.371249999999999969e-01 -1.778100000000000167e-02 0.000000000000000000e+00 0.000000000000000000e+00 0.000000000000000000e+00 -0.000000000000000000e+00 -0.000000000000000000e+00 1.000000000000000000e+00
-2.005109999999999948e-01 4.657499999999999835e-02 0.000000000000000000e+00 0.000000000000000000e+00 0.000000000000000000e+00 0.000000000000000000e+00 0.000000000000000000e+00 -1.000000000000000000e+00
-2.264450000000000074e-01 -4.329000000000000382e-03 0.000000000000000000e+00 0.000000000000000000e+00 0.000000000000000000e+00 0.000000000000000000e+00 0.000000000000000000e+00 1.000000000000000000e+00
-1.496089999999999920e-01 2.063800000000000009e-02 0.000000000000000000e+00 0.000000000000000000e+00 0.000000000000000000e+00 0.000000000000000000e+00 0.000000000000000000e+00 1.000000000000000000e+00
0.000000000000000000e+00 0.000000000000000000e+00 0.000000000000000000e+00 0.000000000000000000e+00 0.000000000000000000e+00 0.000000000000000000e+00 0.000000000000000000e+00 0.000000000000000000e+00
0.000000000000000000e+00 0.000000000000000000e+00 0.000000000000000000e+00 0.000000000000000000e+00 0.000000000000000000e+00 0.000000000000000000e+00 0.000000000000000000e+00 0.000000000000000000e+00
0.000000000000000000e+00 0.000000000000000000e+00 0.000000000000000000e+00 0.000000000000000000e+00 0.000000000000000000e+00 0.000000000000000000e+00 0.000000000000000000e+00 0.000000000000000000e+00
0.000000000000000000e+00 0.000000000000000000e+00 0.000000000000000000e+00 0.000000000000000000e+00 0.000000000000000000e+00 0.000000000000000000e+00 0.000000000000000000e+00 0.000000000000000000e+00
0.000000000000000000e+00 0.000000000000000000e+00 0.000000000000000000e+00 0.000000000000000000e+00 0.000000000000000000e+00 0.000000000000000000e+00 0.000000000000000000e+00 0.000000000000000000e+00
0.000000000000000000e+00 0.000000000000000000e+00 0.000000000000000000e+00 0.000000000000000000e+00 0.000000000000000000e+00 0.000000000000000000e+00 0.000000000000000000e+00 0.000000000000000000e+00
0.000000000000000000e+00 0.000000000000000000e+00 0.000000000000000000e+00 0.000000000000000000e+00 0.000000000000000000e+00 0.000000000000000000e+00 0.000000000000000000e+00 0.000000000000000000e+00
0.000000000000000000e+00 0.000000000000000000e+00 0.000000000000000000e+00 0.000000000000000000e+00 0.000000000000000000e+00 0.000000000000000000e+00 0.000000000000000000e+00 0.000000000000000000e+00
0.000000000000000000e+00 0.000000000000000000e+00 0.000000000000000000e+00 0.000000000000000000e+00 0.000000000000000000e+00 0.000000000000000000e+00 0.000000000000000000e+00 0.000000000000000000e+00
0.000000000000000000e+00 0.000000000000000000e+00 0.000000000000000000e+00 0.000000000000000000e+00 0.000000000000000000e+00 0.000000000000000000e+00 0.000000000000000000e+00 0.000000000000000000e+00
0.000000000000000000e+00 0.000000000000000000e+00 0.000000000000000000e+00 0.000000000000000000e+00 0.000000000000000000e+00 0.000000000000000000e+00 0.000000000000000000e+00 0.000000000000000000e+00
0.000000000000000000e+00 0.000000000000000000e+00 0.000000000000000000e+00 0.000000000000000000e+00 0.000000000000000000e+00 0.000000000000000000e+00 0.000000000000000000e+00 0.000000000000000000e+00
0.000000000000000000e+00 0.000000000000000000e+00 0.000000000000000000e+00 0.000000000000000000e+00 0.000000000000000000e+00 0.000000000000000000e+00 0.000000000000000000e+00 0.000000000000000000e+00
0.000000000000000000e+00 0.000000000000000000e+00 0.000000000000000000e+00 0.000000000000000000e+00 0.000000000000000000e+00 0.000000000000000000e+00 0.000000000000000000e+00 0.000000000000000000e+00
0.000000000000000000e+00 0.000000000000000000e+00 0.000000000000000000e+00 0.000000000000000000e+00 0.000000000000000000e+00 0.000000000000000000e+00 0.000000000000000000e+00 0.000000000000000000e+00
0.000000000000000000e+00 0.000000000000000000e+00 0.000000000000000000e+00 0.000000000000000000e+00 0.000000000000000000e+00 0.000000000000000000e+00 0.000000000000000000e+00 0.000000000000000000e+00
0.000000000000000000e+00 0.000000000000000000e+00 0.000000000000000000e+00 0.000000000000000000e+00 0.000000000000000000e+00 0.000000000000000000e+00 0.000000000000000000e+00 0.000000000000000000e+00
0.000000000000000000e+00 0.000000000000000000e+00 0.000000000000000000e+00 0.000000000000000000e+00 0.000000000000000000e+00 0.000000000000000000e+00 0.000000000000000000e+00 0.000000000000000000e+00
0.000000000000000000e+00 0.000000000000000000e+00 0.000000000000000000e+00 0.000000000000000000e+00 0.000000000000000000e+00 0.000000000000000000e+00 0.000000000000000000e+00 0.000000000000000000e+00
0.000000000000000000e+00 0.000000000000000000e+00 0.000000000000000000e+00 0.000000000000000000e+00 0.000000000000000000e+00 0.000000000000000000e+00 0.000000000000000000e+00 0.000000000000000000e+00
0.000000000000000000e+00 0.000000000000000000e+00 0.000000000000000000e+00 0.000000000000000000e+00 0.000000000000000000e+00 0.000000000000000000e+00 0.000000000000000000e+00 0.000000000000000000e+00
0.000000000000000000e+00 0.000000000000000000e+00 0.000000000000000000e+00 0.000000000000000000e+00 0.000000000000000000e+00 0.000000000000000000e+00 0.000000000000000000e+00 0.000000000000000000e+00
0.000000000000000000e+00 0.000000000000000000e+00 0.000000000000000000e+00 0.000000000000000000e+00 0.000000000000000000e+00 0.000000000000000000e+00 0.000000000000000000e+00 0.000000000000000000e+00
0.000000000000000000e+00 0.000000000000000000e+00 0.000000000000000000e+00 0.000000000000000000e+00 0.000000000000000000e+00 0.000000000000000000e+00 0.000000000000000000e+00 0.000000000000000000e+00
0.000000000000000000e+00 0.000000000000000000e+00 0.000000000000000000e+00 0.000000000000000000e+00 0.000000000000000000e+00 0.000000000000000000e+00 0.000000000000000000e+00 0.000000000000000000e+00
0.000000000000000000e+00 0.000000000000000000e+00 0.000000000000000000e+00 0.000000000000000000e+00 0.000000000000000000e+00 0.000000000000000000e+00 0.000000000000000000e+00 0.000000000000000000e+00
0.000000000000000000e+00 0.000000000000000000e+00 0.000000000000000000e+00 0.000000000000000000e+00 0.000000000000000000e+00 0.000000000000000000e+00 0.000000000000000000e+00 0.000000000000000000e+00
0.000000000000000000e+00 0.000000000000000000e+00 0.000000000000000000e+00 0.000000000000000000e+00 0.000000000000000000e+00 0.000000000000000000e+00 0.000000000000000000e+00 0.000000000000000000e+00
0.000000000000000000e+00 0.000000000000000000e+00 0.000000000000000000e+00 0.000000000000000000e+00 0.000000000000000000e+00 0.000000000000000000e+00 0.000000000000000000e+00 0.000000000000000000e+00
0.000000000000000000e+00 0.000000000000000000e+00 0.000000000000000000e+00 0.000000000000000000e+00 0.000000000000000000e+00 0.000000000000000000e+00 0.000000000000000000e+00 0.000000000000000000e+00
0.000000000000000000e+00 0.000000000000000000e+00 0.000000000000000000e+00 0.000000000000000000e+00 0.000000000000000000e+00 0.000000000000000000e+00 0.000000000000000000e+00 0.000000000000000000e+00
0.000000000000000000e+00 0.000000000000000000e+00 0.000000000000000000e+00 0.000000000000000000e+00 0.000000000000000000e+00 0.000000000000000000e+00 0.000000000000000000e+00 0.000000000000000000e+00
0.000000000000000000e+00 0.000000000000000000e+00 0.000000000000000000e+00 0.000000000000000000e+00 0.000000000000000000e+00 0.000000000000000000e+00 0.000000000000000000e+00 0.000000000000000000e+00
0.000000000000000000e+00 0.000000000000000000e+00 0.000000000000000000e+00 0.000000000000000000e+00 0.000000000000000000e+00 0.000000000000000000e+00 0.000000000000000000e+00 0.000000000000000000e+00
0.000000000000000000e+00 0.000000000000000000e+00 0.000000000000000000e+00 0.000000000000000000e+00 0.000000000000000000e+00 0.000000000000000000e+00 0.000000000000000000e+00 0.000000000000000000e+00
0.000000000000000000e+00 0.000000000000000000e+00 0.000000000000000000e+00 0.000000000000000000e+00 0.000000000000000000e+00 0.000000000000000000e+00 0.000000000000000000e+00 0.000000000000000000e+00
0.000000000000000000e+00 0.000000000000000000e+00 0.000000000000000000e+00 0.000000000000000000e+00 0.000000000000000000e+00 0.000000000000000000e+00 0.000000000000000000e+00 0.000000000000000000e+00
0.000000000000000000e+00 0.000000000000000000e+00 0.000000000000000000e+00 0.000000000000000000e+00 0.000000000000000000e+00 0.000000000000000000e+00 0.000000000000000000e+00 0.000000000000000000e+00
0.000000000000000000e+00 0.000000000000000000e+00 0.000000000000000000e+00 0.000000000000000000e+00 0.000000000000000000e+00 0.000000000000000000e+00 0.000000000000000000e+00 0.000000000000000000e+00
0.000000000000000000e+00 0.000000000000000000e+00 0.000000000000000000e+00 0.000000000000000000e+00 0.000000000000000000e+00 0.000000000000000000e+00 0.000000000000000000e+00 0.000000000000000000e+00
0.000000000000000000e+00 0.000000000000000000e+00 0.000000000000000000e+00 0.000000000000000000e+00 0.000000000000000000e+00 0.000000000000000000e+00 0.000000000000000000e+00 0.000000000000000000e+00
0.000000000000000000e+00 0.000000000000000000e+00 0.000000000000000000e+00 0.000000000000000000e+00 0.000000000000000000e+00 0.000000000000000000e+00 0.000000000000000000e+00 0.000000000000000000e+00
0.000000000000000000e+00 0.000000000000000000e+00 0.000000000000000000e+00 0.000000000000000000e+00 0.000000000000000000e+00 0.000000000000000000e+00 0.000000000000000000e+00 0.000000000000000000e+00
0.000000000000000000e+00 0.000000000000000000e+00 0.000000000000000000e+00 0.000000000000000000e+00 0.000000000000000000e+00 0.000000000000000000e+00 0.000000000000000000e+00 0.000000000000000000e+00
0.000000000000000000e+00 0.000000000000000000e+00 0.000000000000000000e+00 0.000000000000000000e+00 0.000000000000000000e+00 0.000000000000000000e+00 0.000000000000000000e+00 0.000000000000000000e+00
0.000000000000000000e+00 0.000000000000000000e+00 0.000000000000000000e+00 0.000000000000000000e+00 0.000000000000000000e+00 0.000000000000000000e+00 0.000000000000000000e+00 0.000000000000000000e+00
0.000000000000000000e+00 0.000000000000000000e+00 0.000000000000000000e+00 0.000000000000000000e+00 0.000000000000000000e+00 0.000000000000000000e+00 0.000000000000000000e+00 0.000000000000000000e+00
0.000000000000000000e+00 0.000000000000000000e+00 0.000000000000000000e+00 0.000000000000000000e+00 0.000000000000000000e+00 0.000000000000000000e+00 0.000000000000000000e+00 0.000000000000000000e+00
0.000000000000000000e+00 0.000000000000000000e+00 0.000000000000000000e+00 0.000000000000000000e+00 0.000000000000000000e+00 0.000000000000000000e+00 0.000000000000000000e+00 0.000000000000000000e+00
0.000000000000000000e+00 0.000000000000000000e+00 0.000000000000000000e+00 0.000000000000000000e+00 0.000000000000000000e+00 0.000000000000000000e+00 0.000000000000000000e+00 0.000000000000000000e+00
0.000000000000000000e+00 0.000000000000000000e+00 0.000000000000000000e+00 0.000000000000000000e+00 0.000000000000000000e+00 0.000000000000000000e+00 0.000000000000000000e+00 0.000000000000000000e+00
0.000000000000000000e+00 0.000000000000000000e+00 0.000000000000000000e+00 0.000000000000000000e+00 0.000000000000000000e+00 0.000000000000000000e+00 0.000000000000000000e+00 0.000000000000000000e+00
0.000000000000000000e+00 0.000000000000000000e+00 0.000000000000000000e+00 0.000000000000000000e+00 0.000000000000000000e+00 0.000000000000000000e+00 0.000000000000000000e+00 0.000000000000000000e+00
0.000000000000000000e+00 0.000000000000000000e+00 0.000000000000000000e+00 0.000000000000000000e+00 0.000000000000000000e+00 0.000000000000000000e+00 0.000000000000000000e+00 0.000000000000000000e+00
0.000000000000000000e+00 0.000000000000000000e+00 0.000000000000000000e+00 0.000000000000000000e+00 0.000000000000000000e+00 0.000000000000000000e+00 0.000000000000000000e+00 0.000000000000000000e+00
0.000000000000000000e+00 0.000000000000000000e+00 0.000000000000000000e+00 0.000000000000000000e+00 0.000000000000000000e+00 0.000000000000000000e+00 0.000000000000000000e+00 0.000000000000000000e+00
0.000000000000000000e+00 0.000000000000000000e+00 0.000000000000000000e+00 0.000000000000000000e+00 0.000000000000000000e+00 0.000000000000000000e+00 0.000000000000000000e+00 0.000000000000000000e+00
0.000000000000000000e+00 0.000000000000000000e+00 0.000000000000000000e+00 0.000000000000000000e+00 0.000000000000000000e+00 0.000000000000000000e+00 0.000000000000000000e+00 0.000000000000000000e+00
0.000000000000000000e+00 0.000000000000000000e+00 0.000000000000000000e+00 0.000000000000000000e+00 0.000000000000000000e+00 0.000000000000000000e+00 0.000000000000000000e+00 0.000000000000000000e+00
0.000000000000000000e+00 0.000000000000000000e+00 0.000000000000000000e+00 0.000000000000000000e+00 0.000000000000000000e+00 0.000000000000000000e+00 0.000000000000000000e+00 0.000000000000000000e+00
0.000000000000000000e+00 0.000000000000000000e+00 0.000000000000000000e+00 0.000000000000000000e+00 0.000000000000000000e+00 0.000000000000000000e+00 0.000000000000000000e+00 0.000000000000000000e+00
0.000000000000000000e+00 0.000000000000000000e+00 0.000000000000000000e+00 0.000000000000000000e+00 0.000000000000000000e+00 0.000000000000000000e+00 0.000000000000000000e+00 0.000000000000000000e+00
0.000000000000000000e+00 0.000000000000000000e+00 0.000000000000000000e+00 0.000000000000000000e+00 0.000000000000000000e+00 0.000000000000000000e+00 0.000000000000000000e+00 0.000000000000000000e+00
0.000000000000000000e+00 0.000000000000000000e+00 0.000000000000000000e+00 0.000000000000000000e+00 0.000000000000000000e+00 0.000000000000000000e+00 0.000000000000000000e+00 0.000000000000000000e+00
0.000000000000000000e+00 0.000000000000000000e+00 0.000000000000000000e+00 0.000000000000000000e+00 0.000000000000000000e+00 0.000000000000000000e+00 0.000000000000000000e+00 0.000000000000000000e+00
0.000000000000000000e+00 0.000000000000000000e+00 0.000000000000000000e+00 0.000000000000000000e+00 0.000000000000000000e+00 0.000000000000000000e+00 0.000000000000000000e+00 0.000000000000000000e+00
0.000000000000000000e+00 0.000000000000000000e+00 0.000000000000000000e+00 0.000000000000000000e+00 0.000000000000000000e+00 0.000000000000000000e+00 0.000000000000000000e+00 0.000000000000000000e+00
0.000000000000000000e+00 0.000000000000000000e+00 0.000000000000000000e+00 0.000000000000000000e+00 0.000000000000000000e+00 0.000000000000000000e+00 0.000000000000000000e+00 0.000000000000000000e+00
0.000000000000000000e+00 0.000000000000000000e+00 0.000000000000000000e+00 0.000000000000000000e+00 0.000000000000000000e+00 0.000000000000000000e+00 0.000000000000000000e+00 0.000000000000000000e+00
0.000000000000000000e+00 0.000000000000000000e+00 0.000000000000000000e+00 0.000000000000000000e+00 0.000000000000000000e+00 0.000000000000000000e+00 0.000000000000000000e+00 0.000000000000000000e+00
0.000000000000000000e+00 0.000000000000000000e+00 0.000000000000000000e+00 0.000000000000000000e+00 0.000000000000000000e+00 0.000000000000000000e+00 0.000000000000000000e+00 0.000000000000000000e+00
0.000000000000000000e+00 0.000000000000000000e+00 0.000000000000000000e+00 0.000000000000000000e+00 0.000000000000000000e+00 0.000000000000000000e+00 0.000000000000000000e+00 0.000000000000000000e+00
0.000000000000000000e+00 0.000000000000000000e+00 0.000000000000000000e+00 0.000000000000000000e+00 0.000000000000000000e+00 0.000000000000000000e+00 0.000000000000000000e+00 0.000000000000000000e+00
