4.592419999999999836e-01 -2.854599999999999846e-02 0.000000000000000000e+00 4.166670000000000096e-01 8.739800000000000346e-02 -0.000000000000000000e+00 -0.000000000000000000e+00 1.000000000000000000e+00
4.234249999999999958e-01 -6.832399999999999585e-02 0.000000000000000000e+00 4.166670000000000096e-01 8.739800000000000346e-02 -0.000000000000000000e+00 -0.000000000000000000e+00 1.000000000000000000e+00
3.876069999999999793e-01 -1.081030000000000046e-01 0.000000000000000000e+00 4.166670000000000096e-01 8.739800000000000346e-02 -0.000000000000000000e+00 -0.000000000000000000e+00 1.000000000000000000e+00
3.517890000000000184e-01 -1.478820000000000134e-01 0.000000000000000000e+00 3.958329999999999904e-01 1.032519999999999966e-01 0.000000000000000000e+00 0.000000000000000000e+00 1.000000000000000000e+00
3.683299999999999907e-01 -1.987909999999999955e-01 0.000000000000000000e+00 4.166670000000000096e-01 8.739800000000000346e-02 0.000000000000000000e+00 0.000000000000000000e+00 1.000000000000000000e+00
4.206869999999999776e-01 -2.099209999999999965e-01 0.000000000000000000e+00 3.750000000000000000e-01 1.190739999999999993e-01 0.000000000000000000e+00 0.000000000000000000e+00 -1.000000000000000000e+00
3.325119999999999743e-01 -2.385690000000000033e-01 0.000000000000000000e+00 4.166670000000000096e-01 8.739800000000000346e-02 0.000000000000000000e+00 0.000000000000000000e+00 1.000000000000000000e+00
2.966940000000000133e-01 -2.783519999999999883e-01 0.000000000000000000e+00 3.958329999999999904e-01 1.032519999999999966e-01 -0.000000000000000000e+00 -0.000000000000000000e+00 1.000000000000000000e+00
2.443359999999999976e-01 -2.672209999999999863e-01 0.000000000000000000e+00 4.166670000000000096e-01 8.739800000000000346e-02 0.000000000000000000e+00 0.000000000000000000e+00 1.000000000000000000e+00
2.277959999999999985e-01 -2.163120000000000043e-01 0.000000000000000000e+00 3.750000000000000000e-01 1.190739999999999993e-01 0.000000000000000000e+00 0.000000000000000000e+00 1.000000000000000000e+00
2.085190000000000099e-01 -3.069999999999999951e-01 0.000000000000000000e+00 3.958329999999999904e-01 1.032519999999999966e-01 0.000000000000000000e+00 0.000000000000000000e+00 1.000000000000000000e+00
1.561609999999999943e-01 -2.958700000000000219e-01 0.000000000000000000e+00 4.166670000000000096e-01 8.739800000000000346e-02 0.000000000000000000e+00 -0.000000000000000000e+00 -1.000000000000000000e+00
1.038030000000000064e-01 -2.847430000000000239e-01 0.000000000000000000e+00 4.166670000000000096e-01 8.739800000000000346e-02 -0.000000000000000000e+00 -0.000000000000000000e+00 1.000000000000000000e+00
6.402099999999999458e-02 -3.205609999999999848e-01 0.000000000000000000e+00 3.958329999999999904e-01 1.032519999999999966e-01 0.000000000000000000e+00 -0.000000000000000000e+00 -9.999999999999996669e-01
1.766500000000000015e-02 -2.937960000000000016e-01 0.000000000000000000e+00 3.958329999999999904e-01 1.032519999999999966e-01 0.000000000000000000e+00 -0.000000000000000000e+00 -1.000000000000000222e+00
2.879599999999999868e-02 -2.414389999999999870e-01 0.000000000000000000e+00 3.958329999999999904e-01 1.032519999999999966e-01 -0.000000000000000000e+00 -0.000000000000000000e+00 1.000000000000000000e+00
8.202800000000000369e-02 -2.358429999999999971e-01 0.000000000000000000e+00 4.166670000000000096e-01 8.739800000000000346e-02 -0.000000000000000000e+00 -0.000000000000000000e+00 1.000000000000000000e+00
-7.021999999999999596e-03 -2.016560000000000019e-01 0.000000000000000000e+00 4.166670000000000096e-01 8.739800000000000346e-02 -0.000000000000000000e+00 -0.000000000000000000e+00 1.000000000000000000e+00
-4.284000000000000308e-02 -1.618779999999999941e-01 0.000000000000000000e+00 4.166670000000000096e-01 8.739800000000000346e-02 0.000000000000000000e+00 0.000000000000000000e+00 1.000000000000000000e+00
-7.865700000000000469e-02 -1.220989999999999992e-01 0.000000000000000000e+00 4.166670000000000096e-01 8.739800000000000346e-02 0.000000000000000000e+00 0.000000000000000000e+00 1.000000000000000000e+00
-1.144749999999999934e-01 -8.232000000000000428e-02 0.000000000000000000e+00 4.166670000000000096e-01 8.739800000000000346e-02 0.000000000000000000e+00 0.000000000000000000e+00 1.000000000000000000e+00
-1.502920000000000089e-01 -4.254100000000000242e-02 0.000000000000000000e+00 4.166670000000000096e-01 8.739800000000000346e-02 0.000000000000000000e+00 0.000000000000000000e+00 1.000000000000000000e+00
-1.337520000000000098e-01 8.368000000000000438e-03 0.000000000000000000e+00 3.750000000000000000e-01 1.190739999999999993e-01 0.000000000000000000e+00 0.000000000000000000e+00 1.000000000000000000e+00
-2.026499999999999968e-01 -5.366800000000000043e-02 0.000000000000000000e+00 4.166670000000000096e-01 8.739800000000000346e-02 -0.000000000000000000e+00 -0.000000000000000000e+00 1.000000000000000000e+00
-2.550120000000000164e-01 -6.479899999999999549e-02 0.000000000000000000e+00 4.166670000000000096e-01 8.739800000000000346e-02 0.000000000000000000e+00 0.000000000000000000e+00 1.000000000000000000e+00
-3.073699999999999766e-01 -7.592899999999999650e-02 0.000000000000000000e+00 4.166670000000000096e-01 8.739800000000000346e-02 0.000000000000000000e+00 0.000000000000000000e+00 1.000000000000000000e+00
-3.597270000000000190e-01 -8.705599999999999450e-02 0.000000000000000000e+00 3.750000000000000000e-01 1.190739999999999993e-01 0.000000000000000000e+00 0.000000000000000000e+00 -1.000000000000000000e+00
-3.762679999999999914e-01 -1.379650000000000043e-01 0.000000000000000000e+00 4.166670000000000096e-01 8.739800000000000346e-02 0.000000000000000000e+00 0.000000000000000000e+00 1.000000000000000000e+00
-4.286260000000000070e-01 -1.490950000000000053e-01 0.000000000000000000e+00 4.166670000000000096e-01 8.739800000000000346e-02 0.000000000000000000e+00 0.000000000000000000e+00 1.000000000000000000e+00
-4.451689999999999814e-01 -2.000039999999999873e-01 0.000000000000000000e+00 4.166670000000000096e-01 8.739800000000000346e-02 -0.000000000000000000e+00 -0.000000000000000000e+00 1.000000000000000000e+00
-4.093519999999999937e-01 -2.397829999999999961e-01 0.000000000000000000e+00 4.166670000000000096e-01 8.739800000000000346e-02 0.000000000000000000e+00 0.000000000000000000e+00 1.000000000000000000e+00
-3.569939999999999780e-01 -2.286519999999999941e-01 0.000000000000000000e+00 4.166670000000000096e-01 8.739800000000000346e-02 0.000000000000000000e+00 0.000000000000000000e+00 1.000000000000000000e+00
-3.404499999999999749e-01 -1.777430000000000121e-01 0.000000000000000000e+00 4.166670000000000096e-01 8.739800000000000346e-02 0.000000000000000000e+00 0.000000000000000000e+00 1.000000000000000000e+00
-4.258919999999999928e-01 -2.906920000000000059e-01 0.000000000000000000e+00 4.166670000000000096e-01 8.739800000000000346e-02 0.000000000000000000e+00 0.000000000000000000e+00 1.000000000000000000e+00
-3.944280000000000008e-01 -3.339960000000000151e-01 0.000000000000000000e+00 3.958329999999999904e-01 1.032519999999999966e-01 0.000000000000000000e+00 0.000000000000000000e+00 -1.000000000000000000e+00
-4.258919999999999928e-01 -3.773009999999999975e-01 0.000000000000000000e+00 4.166670000000000096e-01 8.739800000000000346e-02 -0.000000000000000000e+00 -0.000000000000000000e+00 1.000000000000000000e+00
-4.768009999999999748e-01 -3.607600000000000251e-01 0.000000000000000000e+00 4.166670000000000096e-01 8.739800000000000346e-02 0.000000000000000000e+00 0.000000000000000000e+00 1.000000000000000000e+00
-4.768009999999999748e-01 -3.072320000000000051e-01 0.000000000000000000e+00 3.958329999999999904e-01 1.032519999999999966e-01 0.000000000000000000e+00 0.000000000000000000e+00 1.000000000000000000e+00
-5.165800000000000392e-01 -3.965779999999999861e-01 0.000000000000000000e+00 4.166670000000000096e-01 8.739800000000000346e-02 0.000000000000000000e+00 0.000000000000000000e+00 1.000000000000000000e+00
-5.054490000000000371e-01 -4.489360000000000017e-01 0.000000000000000000e+00 4.166670000000000096e-01 8.739800000000000346e-02 -0.000000000000000000e+00 -0.000000000000000000e+00 1.000000000000000000e+00
-4.545440000000000036e-01 -4.654760000000000009e-01 0.000000000000000000e+00 4.166670000000000096e-01 8.739800000000000346e-02 0.000000000000000000e+00 0.000000000000000000e+00 1.000000000000000000e+00
-4.147620000000000196e-01 -4.296579999999999844e-01 0.000000000000000000e+00 4.166670000000000096e-01 8.739800000000000346e-02 -0.000000000000000000e+00 -0.000000000000000000e+00 1.000000000000000000e+00
-4.434139999999999748e-01 -5.178380000000000205e-01 0.000000000000000000e+00 4.166670000000000096e-01 8.739800000000000346e-02 -0.000000000000000000e+00 -0.000000000000000000e+00 1.000000000000000000e+00
-4.831920000000000104e-01 -5.536550000000000082e-01 0.000000000000000000e+00 4.166670000000000096e-01 8.739800000000000346e-02 -0.000000000000000000e+00 -0.000000000000000000e+00 1.000000000000000000e+00
-4.720619999999999816e-01 -6.060130000000000239e-01 0.000000000000000000e+00 4.166670000000000096e-01 8.739800000000000346e-02 -0.000000000000000000e+00 -0.000000000000000000e+00 1.000000000000000000e+00
-4.211529999999999996e-01 -6.225530000000000230e-01 0.000000000000000000e+00 4.166670000000000096e-01 8.739800000000000346e-02 0.000000000000000000e+00 0.000000000000000000e+00 1.000000000000000000e+00
-3.813739999999999908e-01 -5.867360000000000353e-01 0.000000000000000000e+00 4.166670000000000096e-01 8.739800000000000346e-02 0.000000000000000000e+00 0.000000000000000000e+00 1.000000000000000000e+00
-3.925049999999999928e-01 -5.343780000000000197e-01 0.000000000000000000e+00 4.166670000000000096e-01 8.739800000000000346e-02 -0.000000000000000000e+00 -0.000000000000000000e+00 1.000000000000000000e+00
-4.100260000000000016e-01 -6.749110000000000387e-01 0.000000000000000000e+00 3.958329999999999904e-01 1.032519999999999966e-01 -0.000000000000000000e+00 -0.000000000000000000e+00 1.000000000000000000e+00
-4.498050000000000104e-01 -7.107290000000000552e-01 0.000000000000000000e+00 4.166670000000000096e-01 8.739800000000000346e-02 -0.000000000000000000e+00 -0.000000000000000000e+00 1.000000000000000000e+00
-4.386749999999999816e-01 -7.630869999999999598e-01 0.000000000000000000e+00 4.166670000000000096e-01 8.739800000000000346e-02 -0.000000000000000000e+00 -0.000000000000000000e+00 1.000000000000000000e+00
-3.877659999999999996e-01 -7.796300000000000452e-01 0.000000000000000000e+00 3.958329999999999904e-01 1.032519999999999966e-01 -0.000000000000000000e+00 -0.000000000000000000e+00 1.000000000000000000e+00
-3.479869999999999908e-01 -7.438129999999999464e-01 0.000000000000000000e+00 4.166670000000000096e-01 8.739800000000000346e-02 0.000000000000000000e+00 0.000000000000000000e+00 1.000000000000000000e+00
-3.591170000000000195e-01 -6.914550000000000418e-01 0.000000000000000000e+00 4.166670000000000096e-01 8.739800000000000346e-02 -0.000000000000000000e+00 -0.000000000000000000e+00 1.000000000000000000e+00
-3.766390000000000016e-01 -8.319879999999999498e-01 0.000000000000000000e+00 4.166670000000000096e-01 8.739800000000000346e-02 0.000000000000000000e+00 0.000000000000000000e+00 1.000000000000000000e+00
3.132349999999999857e-01 -3.292570000000000219e-01 0.000000000000000000e+00 4.166670000000000096e-01 8.739800000000000346e-02 0.000000000000000000e+00 0.000000000000000000e+00 1.000000000000000000e+00
3.297780000000000156e-01 -3.801660000000000039e-01 0.000000000000000000e+00 4.166670000000000096e-01 8.739800000000000346e-02 -0.000000000000000000e+00 -0.000000000000000000e+00 1.000000000000000000e+00
3.463189999999999880e-01 -4.310749999999999860e-01 0.000000000000000000e+00 4.166670000000000096e-01 8.739800000000000346e-02 0.000000000000000000e+00 0.000000000000000000e+00 1.000000000000000000e+00
2.994310000000000027e-01 -1.367549999999999877e-01 0.000000000000000000e+00 4.166670000000000096e-01 8.739800000000000346e-02 -0.000000000000000000e+00 -0.000000000000000000e+00 1.000000000000000000e+00
2.470700000000000118e-01 -1.256249999999999867e-01 0.000000000000000000e+00 4.166670000000000096e-01 8.739800000000000346e-02 0.000000000000000000e+00 0.000000000000000000e+00 1.000000000000000000e+00
2.112519999999999953e-01 -1.654029999999999945e-01 0.000000000000000000e+00 3.750000000000000000e-01 1.190739999999999993e-01 0.000000000000000000e+00 0.000000000000000000e+00 1.000000000000000000e+00
2.305300000000000127e-01 -7.471600000000000463e-02 0.000000000000000000e+00 3.958329999999999904e-01 1.032519999999999966e-01 -0.000000000000000000e+00 -0.000000000000000000e+00 1.000000000000000000e+00
1.781719999999999970e-01 -6.358900000000000663e-02 0.000000000000000000e+00 4.166670000000000096e-01 8.739800000000000346e-02 -0.000000000000000000e+00 -0.000000000000000000e+00 1.000000000000000000e+00
1.258140000000000092e-01 -5.245799999999999769e-02 0.000000000000000000e+00 4.166670000000000096e-01 8.739800000000000346e-02 -0.000000000000000000e+00 -0.000000000000000000e+00 1.000000000000000000e+00
8.999600000000000655e-02 -9.223699999999999954e-02 0.000000000000000000e+00 3.750000000000000000e-01 1.190739999999999993e-01 0.000000000000000000e+00 0.000000000000000000e+00 1.000000000000000000e+00
1.092700000000000060e-01 -1.549000000000000030e-03 0.000000000000000000e+00 3.958329999999999904e-01 1.032519999999999966e-01 -0.000000000000000000e+00 -0.000000000000000000e+00 1.000000000000000000e+00
5.691199999999999731e-02 9.580999999999999239e-03 0.000000000000000000e+00 4.166670000000000096e-01 8.739800000000000346e-02 -0.000000000000000000e+00 -0.000000000000000000e+00 1.000000000000000000e+00
4.553999999999999888e-03 2.070800000000000071e-02 0.000000000000000000e+00 4.166670000000000096e-01 8.739800000000000346e-02 -0.000000000000000000e+00 -0.000000000000000000e+00 1.000000000000000000e+00
-3.522399999999999837e-02 -1.511000000000000017e-02 0.000000000000000000e+00 3.958329999999999904e-01 1.032519999999999966e-01 -0.000000000000000000e+00 -0.000000000000000000e+00 1.000000000000000000e+00
-8.158300000000000274e-02 1.165399999999999943e-02 0.000000000000000000e+00 3.958329999999999904e-01 1.032519999999999966e-01 0.000000000000000000e+00 0.000000000000000000e+00 1.000000000000000000e+00
-7.045300000000000173e-02 6.401600000000000346e-02 0.000000000000000000e+00 3.958329999999999904e-01 1.032519999999999966e-01 0.000000000000000000e+00 0.000000000000000000e+00 1.000000000000000000e+00
-1.721699999999999967e-02 6.960800000000000320e-02 0.000000000000000000e+00 4.166670000000000096e-01 8.739800000000000346e-02 -0.000000000000000000e+00 -0.000000000000000000e+00 1.000000000000000000e+00
-1.062710000000000043e-01 1.037939999999999974e-01 0.000000000000000000e+00 4.166670000000000096e-01 8.739800000000000346e-02 -0.000000000000000000e+00 -0.000000000000000000e+00 1.000000000000000000e+00
-1.420879999999999921e-01 1.435730000000000062e-01 0.000000000000000000e+00 4.166670000000000096e-01 8.739800000000000346e-02 0.000000000000000000e+00 0.000000000000000000e+00 1.000000000000000000e+00
-1.779060000000000086e-01 1.833519999999999872e-01 0.000000000000000000e+00 4.166670000000000096e-01 8.739800000000000346e-02 0.000000000000000000e+00 0.000000000000000000e+00 1.000000000000000000e+00
-2.137229999999999963e-01 2.231299999999999950e-01 0.000000000000000000e+00 4.166670000000000096e-01 8.739800000000000346e-02 -0.000000000000000000e+00 -0.000000000000000000e+00 1.000000000000000000e+00
-2.495410000000000128e-01 2.629090000000000038e-01 0.000000000000000000e+00 4.166670000000000096e-01 8.739800000000000346e-02 -0.000000000000000000e+00 -0.000000000000000000e+00 1.000000000000000000e+00
-3.018989999999999729e-01 2.517820000000000058e-01 0.000000000000000000e+00 3.750000000000000000e-01 1.190739999999999993e-01 0.000000000000000000e+00 -0.000000000000000000e+00 -9.999999999999998890e-01
-2.329970000000000097e-01 3.138179999999999858e-01 0.000000000000000000e+00 4.166670000000000096e-01 8.739800000000000346e-02 -0.000000000000000000e+00 -0.000000000000000000e+00 1.000000000000000000e+00
-2.164570000000000105e-01 3.647270000000000234e-01 0.000000000000000000e+00 4.166670000000000096e-01 8.739800000000000346e-02 -0.000000000000000000e+00 -0.000000000000000000e+00 1.000000000000000000e+00
-1.999170000000000114e-01 4.156360000000000054e-01 0.000000000000000000e+00 4.166670000000000096e-01 8.739800000000000346e-02 0.000000000000000000e+00 0.000000000000000000e+00 1.000000000000000000e+00
-1.833760000000000112e-01 4.665449999999999875e-01 0.000000000000000000e+00 3.750000000000000000e-01 1.190739999999999993e-01 0.000000000000000000e+00 0.000000000000000000e+00 -1.000000000000000000e+00
-1.310149999999999926e-01 4.776759999999999895e-01 0.000000000000000000e+00 4.166670000000000096e-01 8.739800000000000346e-02 0.000000000000000000e+00 0.000000000000000000e+00 1.000000000000000000e+00
-9.519700000000000384e-02 4.378929999999999767e-01 0.000000000000000000e+00 4.166670000000000096e-01 8.739800000000000346e-02 -0.000000000000000000e+00 -0.000000000000000000e+00 1.000000000000000000e+00
-4.284000000000000308e-02 4.490239999999999787e-01 0.000000000000000000e+00 4.166670000000000096e-01 8.739800000000000346e-02 0.000000000000000000e+00 0.000000000000000000e+00 1.000000000000000000e+00
-2.629899999999999946e-02 4.999330000000000163e-01 0.000000000000000000e+00 4.166670000000000096e-01 8.739800000000000346e-02 0.000000000000000000e+00 0.000000000000000000e+00 1.000000000000000000e+00
-6.211699999999999861e-02 5.397110000000000518e-01 0.000000000000000000e+00 4.166670000000000096e-01 8.739800000000000346e-02 -0.000000000000000000e+00 -0.000000000000000000e+00 1.000000000000000000e+00
-1.144749999999999934e-01 5.285809999999999675e-01 0.000000000000000000e+00 4.166670000000000096e-01 8.739800000000000346e-02 0.000000000000000000e+00 0.000000000000000000e+00 1.000000000000000000e+00
2.605899999999999883e-02 5.110630000000000450e-01 0.000000000000000000e+00 4.166670000000000096e-01 8.739800000000000346e-02 0.000000000000000000e+00 0.000000000000000000e+00 1.000000000000000000e+00
4.782999999999999752e-02 5.599629999999999885e-01 0.000000000000000000e+00 3.958329999999999904e-01 1.032519999999999966e-01 0.000000000000000000e+00 0.000000000000000000e+00 -9.999999999999997780e-01
1.010660000000000031e-01 5.543670000000000542e-01 0.000000000000000000e+00 4.166670000000000096e-01 8.739800000000000346e-02 0.000000000000000000e+00 0.000000000000000000e+00 1.000000000000000000e+00
1.121960000000000041e-01 5.020099999999999563e-01 0.000000000000000000e+00 4.166670000000000096e-01 8.739800000000000346e-02 -0.000000000000000000e+00 -0.000000000000000000e+00 1.000000000000000000e+00
6.583700000000000663e-02 4.752449999999999730e-01 0.000000000000000000e+00 3.958329999999999904e-01 1.032519999999999966e-01 0.000000000000000000e+00 0.000000000000000000e+00 1.000000000000000000e+00
1.631050000000000000e-01 4.854660000000000086e-01 0.000000000000000000e+00 4.166670000000000096e-01 8.739800000000000346e-02 0.000000000000000000e+00 0.000000000000000000e+00 1.000000000000000000e+00
2.028840000000000088e-01 5.212830000000000519e-01 0.000000000000000000e+00 4.166670000000000096e-01 8.739800000000000346e-02 0.000000000000000000e+00 0.000000000000000000e+00 1.000000000000000000e+00
1.917540000000000078e-01 5.736409999999999565e-01 0.000000000000000000e+00 4.166670000000000096e-01 8.739800000000000346e-02 -0.000000000000000000e+00 -0.000000000000000000e+00 1.000000000000000000e+00
1.408449999999999980e-01 5.901849999999999596e-01 0.000000000000000000e+00 4.166670000000000096e-01 8.739800000000000346e-02 0.000000000000000000e+00 0.000000000000000000e+00 1.000000000000000000e+00
2.315329999999999888e-01 6.094589999999999730e-01 0.000000000000000000e+00 4.166670000000000096e-01 8.739800000000000346e-02 0.000000000000000000e+00 0.000000000000000000e+00 1.000000000000000000e+00
2.824420000000000264e-01 5.929189999999999738e-01 0.000000000000000000e+00 4.166670000000000096e-01 8.739800000000000346e-02 0.000000000000000000e+00 0.000000000000000000e+00 1.000000000000000000e+00
3.222200000000000064e-01 6.287359999999999616e-01 0.000000000000000000e+00 4.166670000000000096e-01 8.739800000000000346e-02 0.000000000000000000e+00 0.000000000000000000e+00 1.000000000000000000e+00
3.110930000000000084e-01 6.810939999999999772e-01 0.000000000000000000e+00 4.166670000000000096e-01 8.739800000000000346e-02 -0.000000000000000000e+00 -0.000000000000000000e+00 1.000000000000000000e+00
2.601840000000000264e-01 6.976379999999999804e-01 0.000000000000000000e+00 4.166670000000000096e-01 8.739800000000000346e-02 0.000000000000000000e+00 0.000000000000000000e+00 1.000000000000000000e+00
2.204059999999999908e-01 6.618199999999999639e-01 0.000000000000000000e+00 4.166670000000000096e-01 8.739800000000000346e-02 0.000000000000000000e+00 0.000000000000000000e+00 1.000000000000000000e+00
3.508720000000000172e-01 7.169119999999999937e-01 0.000000000000000000e+00 3.958329999999999904e-01 1.032519999999999966e-01 0.000000000000000000e+00 0.000000000000000000e+00 1.000000000000000000e+00
4.017809999999999993e-01 7.003709999999999658e-01 0.000000000000000000e+00 4.166670000000000096e-01 8.739800000000000346e-02 0.000000000000000000e+00 0.000000000000000000e+00 1.000000000000000000e+00
4.415600000000000080e-01 7.361889999999999823e-01 0.000000000000000000e+00 4.166670000000000096e-01 8.739800000000000346e-02 0.000000000000000000e+00 0.000000000000000000e+00 1.000000000000000000e+00
4.304299999999999793e-01 7.885469999999999979e-01 0.000000000000000000e+00 3.958329999999999904e-01 1.032519999999999966e-01 0.000000000000000000e+00 0.000000000000000000e+00 1.000000000000000000e+00
3.795209999999999972e-01 8.050869999999999971e-01 0.000000000000000000e+00 4.166670000000000096e-01 8.739800000000000346e-02 0.000000000000000000e+00 0.000000000000000000e+00 1.000000000000000000e+00
3.397419999999999884e-01 7.692729999999999846e-01 0.000000000000000000e+00 4.166670000000000096e-01 8.739800000000000346e-02 0.000000000000000000e+00 0.000000000000000000e+00 1.000000000000000000e+00
4.702080000000000148e-01 8.243650000000000144e-01 0.000000000000000000e+00 4.166670000000000096e-01 8.739800000000000346e-02 -0.000000000000000000e+00 -0.000000000000000000e+00 1.000000000000000000e+00
1.450879999999999947e-01 3.822899999999999909e-02 0.000000000000000000e+00 4.166670000000000096e-01 8.739800000000000346e-02 0.000000000000000000e+00 0.000000000000000000e+00 1.000000000000000000e+00
1.809050000000000102e-01 7.800799999999999401e-02 0.000000000000000000e+00 4.166670000000000096e-01 8.739800000000000346e-02 0.000000000000000000e+00 -0.000000000000000000e+00 -9.999999999999997780e-01
2.332670000000000021e-01 6.688099999999999601e-02 0.000000000000000000e+00 3.750000000000000000e-01 1.190739999999999993e-01 -0.000000000000000000e+00 -0.000000000000000000e+00 1.000000000000000000e+00
1.643650000000000111e-01 1.289170000000000038e-01 0.000000000000000000e+00 3.958329999999999904e-01 1.032519999999999966e-01 0.000000000000000000e+00 0.000000000000000000e+00 1.000000000000000000e+00
2.663470000000000004e-01 -3.493700000000000278e-02 0.000000000000000000e+00 4.166670000000000096e-01 8.739800000000000346e-02 -0.000000000000000000e+00 -0.000000000000000000e+00 1.000000000000000000e+00
3.021650000000000169e-01 4.841999999999999950e-03 0.000000000000000000e+00 4.166670000000000096e-01 8.739800000000000346e-02 0.000000000000000000e+00 -0.000000000000000000e+00 -1.000000000000000000e+00
3.379829999999999779e-01 4.462100000000000094e-02 0.000000000000000000e+00 4.166670000000000096e-01 8.739800000000000346e-02 0.000000000000000000e+00 -0.000000000000000000e+00 -1.000000000000000222e+00
4.950600000000000001e-01 1.123299999999999993e-02 0.000000000000000000e+00 0.000000000000000000e+00 0.000000000000000000e+00 0.000000000000000000e+00 -0.000000000000000000e+00 -1.000000000000000000e+00
4.194629999999999748e-01 7.271999999999999818e-03 0.000000000000000000e+00 0.000000000000000000e+00 0.000000000000000000e+00 -0.000000000000000000e+00 -0.000000000000000000e+00 1.000000000000000000e+00
4.990209999999999924e-01 -6.436300000000000354e-02 0.000000000000000000e+00 0.000000000000000000e+00 0.000000000000000000e+00 0.000000000000000000e+00 0.000000000000000000e+00 -1.000000000000000000e+00
3.836459999999999870e-01 -3.250700000000000117e-02 0.000000000000000000e+00 0.000000000000000000e+00 0.000000000000000000e+00 0.000000000000000000e+00 0.000000000000000000e+00 1.000000000000000000e+00
4.632029999999999759e-01 -1.041419999999999985e-01 0.000000000000000000e+00 0.000000000000000000e+00 0.000000000000000000e+00 0.000000000000000000e+00 0.000000000000000000e+00 -9.999999999999998890e-01
4.273859999999999881e-01 -1.439209999999999934e-01 0.000000000000000000e+00 0.000000000000000000e+00 0.000000000000000000e+00 0.000000000000000000e+00 0.000000000000000000e+00 -1.000000000000000222e+00
3.478280000000000260e-01 -7.228500000000000203e-02 0.000000000000000000e+00 0.000000000000000000e+00 0.000000000000000000e+00 -0.000000000000000000e+00 -0.000000000000000000e+00 1.000000000000000000e+00
2.969939999999999802e-01 -2.137040000000000051e-01 0.000000000000000000e+00 0.000000000000000000e+00 0.000000000000000000e+00 -0.000000000000000000e+00 -0.000000000000000000e+00 1.000000000000000000e+00
3.722909999999999831e-01 -2.743869999999999920e-01 0.000000000000000000e+00 0.000000000000000000e+00 0.000000000000000000e+00 0.000000000000000000e+00 0.000000000000000000e+00 1.000000000000000000e+00
2.250590000000000090e-01 -3.579089999999999772e-01 0.000000000000000000e+00 0.000000000000000000e+00 0.000000000000000000e+00 0.000000000000000000e+00 -0.000000000000000000e+00 -9.999999999999997780e-01
1.450309999999999933e-01 -3.482310000000000128e-01 0.000000000000000000e+00 0.000000000000000000e+00 0.000000000000000000e+00 0.000000000000000000e+00 -0.000000000000000000e+00 -1.000000000000000000e+00
1.672879999999999923e-01 -2.435120000000000062e-01 0.000000000000000000e+00 0.000000000000000000e+00 0.000000000000000000e+00 0.000000000000000000e+00 0.000000000000000000e+00 1.000000000000000000e+00
1.087919999999999998e-01 -1.894840000000000135e-01 0.000000000000000000e+00 0.000000000000000000e+00 0.000000000000000000e+00 0.000000000000000000e+00 0.000000000000000000e+00 1.000000000000000000e+00
-4.680100000000000232e-02 -2.374739999999999907e-01 0.000000000000000000e+00 0.000000000000000000e+00 0.000000000000000000e+00 0.000000000000000000e+00 -0.000000000000000000e+00 -1.000000000000000222e+00
3.275700000000000139e-02 -1.658389999999999864e-01 0.000000000000000000e+00 0.000000000000000000e+00 0.000000000000000000e+00 -0.000000000000000000e+00 -0.000000000000000000e+00 1.000000000000000000e+00
-8.261799999999999700e-02 -1.976950000000000096e-01 0.000000000000000000e+00 0.000000000000000000e+00 0.000000000000000000e+00 0.000000000000000000e+00 -0.000000000000000000e+00 -1.000000000000000000e+00
-3.060999999999999919e-03 -1.260600000000000054e-01 0.000000000000000000e+00 0.000000000000000000e+00 0.000000000000000000e+00 0.000000000000000000e+00 0.000000000000000000e+00 1.000000000000000000e+00
-3.887800000000000283e-02 -8.628099999999999659e-02 0.000000000000000000e+00 0.000000000000000000e+00 0.000000000000000000e+00 0.000000000000000000e+00 0.000000000000000000e+00 1.000000000000000000e+00
-1.184359999999999996e-01 -1.579160000000000008e-01 0.000000000000000000e+00 0.000000000000000000e+00 0.000000000000000000e+00 0.000000000000000000e+00 -0.000000000000000000e+00 -9.999999999999998890e-01
-7.469599999999999851e-02 -4.650300000000000267e-02 0.000000000000000000e+00 0.000000000000000000e+00 0.000000000000000000e+00 -0.000000000000000000e+00 -0.000000000000000000e+00 1.000000000000000000e+00
-1.542530000000000012e-01 -1.181380000000000069e-01 0.000000000000000000e+00 0.000000000000000000e+00 0.000000000000000000e+00 0.000000000000000000e+00 -0.000000000000000000e+00 -1.000000000000000000e+00
-1.915229999999999988e-01 -1.060299999999999992e-01 0.000000000000000000e+00 0.000000000000000000e+00 0.000000000000000000e+00 0.000000000000000000e+00 -0.000000000000000000e+00 -9.999999999999997780e-01
-2.137809999999999988e-01 -1.309999999999999967e-03 0.000000000000000000e+00 0.000000000000000000e+00 0.000000000000000000e+00 0.000000000000000000e+00 0.000000000000000000e+00 -1.000000000000000000e+00
-2.661379999999999857e-01 -1.244100000000000067e-02 0.000000000000000000e+00 0.000000000000000000e+00 0.000000000000000000e+00 0.000000000000000000e+00 0.000000000000000000e+00 -1.000000000000000000e+00
-2.438809999999999867e-01 -1.171559999999999963e-01 0.000000000000000000e+00 0.000000000000000000e+00 0.000000000000000000e+00 0.000000000000000000e+00 0.000000000000000000e+00 -9.999999999999998890e-01
-2.962389999999999746e-01 -1.282870000000000121e-01 0.000000000000000000e+00 0.000000000000000000e+00 0.000000000000000000e+00 0.000000000000000000e+00 0.000000000000000000e+00 1.000000000000000000e+00
-3.184960000000000013e-01 -2.356700000000000114e-02 0.000000000000000000e+00 0.000000000000000000e+00 0.000000000000000000e+00 0.000000000000000000e+00 0.000000000000000000e+00 -1.000000000000000222e+00
-4.644429999999999947e-01 -1.093159999999999965e-01 0.000000000000000000e+00 0.000000000000000000e+00 0.000000000000000000e+00 0.000000000000000000e+00 0.000000000000000000e+00 1.000000000000000000e+00
-4.975269999999999970e-01 -2.111310000000000131e-01 0.000000000000000000e+00 0.000000000000000000e+00 0.000000000000000000e+00 0.000000000000000000e+00 0.000000000000000000e+00 -9.999999999999997780e-01
-3.211760000000000170e-01 -2.684309999999999752e-01 0.000000000000000000e+00 0.000000000000000000e+00 0.000000000000000000e+00 0.000000000000000000e+00 0.000000000000000000e+00 -1.000000000000000000e+00
-2.880920000000000147e-01 -1.666169999999999873e-01 0.000000000000000000e+00 0.000000000000000000e+00 0.000000000000000000e+00 0.000000000000000000e+00 0.000000000000000000e+00 -9.999999999999997780e-01
-5.201050000000000395e-01 -2.757680000000000131e-01 0.000000000000000000e+00 0.000000000000000000e+00 0.000000000000000000e+00 0.000000000000000000e+00 -0.000000000000000000e+00 -1.000000000000000000e+00
-5.674890000000000212e-01 -3.800379999999999869e-01 0.000000000000000000e+00 0.000000000000000000e+00 0.000000000000000000e+00 -0.000000000000000000e+00 -0.000000000000000000e+00 1.000000000000000000e+00
-5.452320000000000499e-01 -4.847529999999999895e-01 0.000000000000000000e+00 0.000000000000000000e+00 0.000000000000000000e+00 0.000000000000000000e+00 -0.000000000000000000e+00 -1.000000000000000222e+00
-3.638529999999999820e-01 -4.462019999999999875e-01 0.000000000000000000e+00 0.000000000000000000e+00 0.000000000000000000e+00 0.000000000000000000e+00 -0.000000000000000000e+00 -1.000000000000000000e+00
-5.341010000000000479e-01 -5.371110000000000051e-01 0.000000000000000000e+00 0.000000000000000000e+00 0.000000000000000000e+00 0.000000000000000000e+00 -0.000000000000000000e+00 -1.000000000000000000e+00
-5.118439999999999657e-01 -6.418310000000000404e-01 0.000000000000000000e+00 0.000000000000000000e+00 0.000000000000000000e+00 0.000000000000000000e+00 0.000000000000000000e+00 -1.000000000000000000e+00
-3.304650000000000087e-01 -6.032760000000000344e-01 0.000000000000000000e+00 0.000000000000000000e+00 0.000000000000000000e+00 0.000000000000000000e+00 -0.000000000000000000e+00 -1.000000000000000000e+00
-3.527259999999999840e-01 -4.985600000000000032e-01 0.000000000000000000e+00 0.000000000000000000e+00 0.000000000000000000e+00 0.000000000000000000e+00 -0.000000000000000000e+00 -9.999999999999998890e-01
-4.994359999999999911e-01 -7.307799999999999851e-01 0.000000000000000000e+00 0.000000000000000000e+00 0.000000000000000000e+00 0.000000000000000000e+00 -0.000000000000000000e+00 -1.000000000000000222e+00
-4.781710000000000127e-01 -6.653369999999999562e-01 0.000000000000000000e+00 0.000000000000000000e+00 0.000000000000000000e+00 0.000000000000000000e+00 0.000000000000000000e+00 1.000000000000000000e+00
-4.525310000000000166e-01 -8.147910000000000430e-01 0.000000000000000000e+00 0.000000000000000000e+00 0.000000000000000000e+00 0.000000000000000000e+00 -0.000000000000000000e+00 -9.999999999999998890e-01
-4.921710000000000251e-01 -7.649569999999999981e-01 0.000000000000000000e+00 0.000000000000000000e+00 0.000000000000000000e+00 0.000000000000000000e+00 -0.000000000000000000e+00 -1.000000000000000222e+00
-2.983589999999999853e-01 -7.237609999999999877e-01 0.000000000000000000e+00 0.000000000000000000e+00 0.000000000000000000e+00 0.000000000000000000e+00 -0.000000000000000000e+00 -1.000000000000000000e+00
-3.143000000000000238e-01 -7.854109999999999703e-01 0.000000000000000000e+00 0.000000000000000000e+00 0.000000000000000000e+00 0.000000000000000000e+00 0.000000000000000000e+00 -1.000000000000000000e+00
-3.516659999999999786e-01 -6.384480000000000155e-01 0.000000000000000000e+00 0.000000000000000000e+00 0.000000000000000000e+00 -0.000000000000000000e+00 -0.000000000000000000e+00 1.000000000000000000e+00
-3.056209999999999760e-01 -6.895850000000000035e-01 0.000000000000000000e+00 0.000000000000000000e+00 0.000000000000000000e+00 0.000000000000000000e+00 -0.000000000000000000e+00 -9.999999999999998890e-01
-3.655079999999999996e-01 -8.843459999999999654e-01 0.000000000000000000e+00 0.000000000000000000e+00 0.000000000000000000e+00 0.000000000000000000e+00 0.000000000000000000e+00 -1.000000000000000000e+00
-3.233139999999999903e-01 -8.273239999999999483e-01 0.000000000000000000e+00 0.000000000000000000e+00 0.000000000000000000e+00 0.000000000000000000e+00 0.000000000000000000e+00 -9.999999999999998890e-01
-4.272480000000000167e-01 -8.494169999999999776e-01 0.000000000000000000e+00 0.000000000000000000e+00 0.000000000000000000e+00 0.000000000000000000e+00 -0.000000000000000000e+00 -9.999999999999997780e-01
2.623289999999999789e-01 -3.458010000000000250e-01 0.000000000000000000e+00 0.000000000000000000e+00 0.000000000000000000e+00 -0.000000000000000000e+00 -0.000000000000000000e+00 1.000000000000000000e+00
3.641440000000000232e-01 -3.127170000000000227e-01 0.000000000000000000e+00 0.000000000000000000e+00 0.000000000000000000e+00 0.000000000000000000e+00 -0.000000000000000000e+00 -1.000000000000000000e+00
2.788689999999999780e-01 -3.967100000000000071e-01 0.000000000000000000e+00 0.000000000000000000e+00 0.000000000000000000e+00 0.000000000000000000e+00 -0.000000000000000000e+00 -9.999999999999997780e-01
3.806840000000000224e-01 -3.636260000000000048e-01 0.000000000000000000e+00 0.000000000000000000e+00 0.000000000000000000e+00 0.000000000000000000e+00 -0.000000000000000000e+00 -9.999999999999998890e-01
3.628589999999999871e-01 -4.819840000000000235e-01 0.000000000000000000e+00 0.000000000000000000e+00 0.000000000000000000e+00 0.000000000000000000e+00 0.000000000000000000e+00 -9.999999999999997780e-01
3.972280000000000255e-01 -4.145349999999999868e-01 0.000000000000000000e+00 0.000000000000000000e+00 0.000000000000000000e+00 0.000000000000000000e+00 0.000000000000000000e+00 -1.000000000000000222e+00
2.954100000000000059e-01 -4.476149999999999851e-01 0.000000000000000000e+00 0.000000000000000000e+00 0.000000000000000000e+00 0.000000000000000000e+00 -0.000000000000000000e+00 -1.000000000000000000e+00
2.853140000000000120e-01 -1.777499999999999913e-01 0.000000000000000000e+00 0.000000000000000000e+00 0.000000000000000000e+00 0.000000000000000000e+00 0.000000000000000000e+00 1.000000000000000000e+00
3.135490000000000221e-01 -9.575899999999999690e-02 0.000000000000000000e+00 0.000000000000000000e+00 0.000000000000000000e+00 0.000000000000000000e+00 0.000000000000000000e+00 1.000000000000000000e+00
1.670419999999999960e-01 -1.159469999999999945e-01 0.000000000000000000e+00 0.000000000000000000e+00 0.000000000000000000e+00 0.000000000000000000e+00 0.000000000000000000e+00 1.000000000000000000e+00
1.922889999999999877e-01 -2.259299999999999850e-02 0.000000000000000000e+00 0.000000000000000000e+00 0.000000000000000000e+00 0.000000000000000000e+00 0.000000000000000000e+00 1.000000000000000000e+00
4.578600000000000031e-02 -4.278099999999999958e-02 0.000000000000000000e+00 0.000000000000000000e+00 0.000000000000000000e+00 0.000000000000000000e+00 0.000000000000000000e+00 1.000000000000000000e+00
6.804300000000000626e-02 6.193900000000000100e-02 0.000000000000000000e+00 0.000000000000000000e+00 0.000000000000000000e+00 -0.000000000000000000e+00 -0.000000000000000000e+00 1.000000000000000000e+00
9.546999999999999931e-03 1.159670000000000006e-01 0.000000000000000000e+00 0.000000000000000000e+00 0.000000000000000000e+00 0.000000000000000000e+00 -0.000000000000000000e+00 -9.999999999999998890e-01
-1.460490000000000121e-01 6.797699999999999576e-02 0.000000000000000000e+00 0.000000000000000000e+00 0.000000000000000000e+00 0.000000000000000000e+00 0.000000000000000000e+00 1.000000000000000000e+00
-6.649199999999999555e-02 1.396120000000000139e-01 0.000000000000000000e+00 0.000000000000000000e+00 0.000000000000000000e+00 0.000000000000000000e+00 -0.000000000000000000e+00 -1.000000000000000000e+00
-1.818670000000000009e-01 1.077550000000000036e-01 0.000000000000000000e+00 0.000000000000000000e+00 0.000000000000000000e+00 0.000000000000000000e+00 -0.000000000000000000e+00 -1.000000000000000000e+00
-1.023099999999999982e-01 1.793909999999999949e-01 0.000000000000000000e+00 0.000000000000000000e+00 0.000000000000000000e+00 0.000000000000000000e+00 -0.000000000000000000e+00 -1.000000000000000000e+00
-1.381269999999999998e-01 2.191690000000000027e-01 0.000000000000000000e+00 0.000000000000000000e+00 0.000000000000000000e+00 0.000000000000000000e+00 -0.000000000000000000e+00 -9.999999999999998890e-01
-2.176849999999999896e-01 1.475339999999999985e-01 0.000000000000000000e+00 0.000000000000000000e+00 0.000000000000000000e+00 0.000000000000000000e+00 -0.000000000000000000e+00 -1.000000000000000000e+00
-1.739449999999999885e-01 2.589480000000000115e-01 0.000000000000000000e+00 0.000000000000000000e+00 0.000000000000000000e+00 0.000000000000000000e+00 -0.000000000000000000e+00 -9.999999999999998890e-01
-2.535020000000000051e-01 1.873130000000000073e-01 0.000000000000000000e+00 0.000000000000000000e+00 0.000000000000000000e+00 0.000000000000000000e+00 -0.000000000000000000e+00 -9.999999999999998890e-01
-2.839059999999999917e-01 3.303619999999999890e-01 0.000000000000000000e+00 0.000000000000000000e+00 0.000000000000000000e+00 0.000000000000000000e+00 0.000000000000000000e+00 -9.999999999999998890e-01
-1.820920000000000039e-01 2.972779999999999867e-01 0.000000000000000000e+00 0.000000000000000000e+00 0.000000000000000000e+00 0.000000000000000000e+00 -0.000000000000000000e+00 -9.999999999999998890e-01
-1.655480000000000007e-01 3.481870000000000243e-01 0.000000000000000000e+00 0.000000000000000000e+00 0.000000000000000000e+00 0.000000000000000000e+00 0.000000000000000000e+00 -1.000000000000000222e+00
-2.673659999999999926e-01 3.812679999999999958e-01 0.000000000000000000e+00 0.000000000000000000e+00 0.000000000000000000e+00 0.000000000000000000e+00 0.000000000000000000e+00 -1.000000000000000222e+00
-2.508259999999999934e-01 4.321769999999999778e-01 0.000000000000000000e+00 0.000000000000000000e+00 0.000000000000000000e+00 0.000000000000000000e+00 0.000000000000000000e+00 -9.999999999999996669e-01
-1.490080000000000016e-01 3.990960000000000063e-01 0.000000000000000000e+00 0.000000000000000000e+00 0.000000000000000000e+00 0.000000000000000000e+00 0.000000000000000000e+00 1.000000000000000000e+00
-1.117409999999999931e-01 3.869839999999999947e-01 0.000000000000000000e+00 0.000000000000000000e+00 0.000000000000000000e+00 0.000000000000000000e+00 0.000000000000000000e+00 -1.000000000000000222e+00
-7.021999999999999596e-03 4.092450000000000254e-01 0.000000000000000000e+00 0.000000000000000000e+00 0.000000000000000000e+00 0.000000000000000000e+00 0.000000000000000000e+00 -1.000000000000000000e+00
-4.557699999999999946e-02 5.906200000000000339e-01 0.000000000000000000e+00 0.000000000000000000e+00 0.000000000000000000e+00 0.000000000000000000e+00 0.000000000000000000e+00 -1.000000000000000000e+00
-1.502920000000000089e-01 5.683629999999999516e-01 0.000000000000000000e+00 0.000000000000000000e+00 0.000000000000000000e+00 -0.000000000000000000e+00 -0.000000000000000000e+00 1.000000000000000000e+00
6.024199999999999694e-02 4.220099999999999962e-01 0.000000000000000000e+00 0.000000000000000000e+00 0.000000000000000000e+00 0.000000000000000000e+00 0.000000000000000000e+00 -1.000000000000000000e+00
1.742319999999999980e-01 4.331079999999999930e-01 0.000000000000000000e+00 0.000000000000000000e+00 0.000000000000000000e+00 -0.000000000000000000e+00 -0.000000000000000000e+00 1.000000000000000000e+00
2.537929999999999908e-01 5.047430000000000527e-01 0.000000000000000000e+00 0.000000000000000000e+00 0.000000000000000000e+00 0.000000000000000000e+00 0.000000000000000000e+00 -1.000000000000000000e+00
1.297180000000000000e-01 6.425429999999999753e-01 0.000000000000000000e+00 0.000000000000000000e+00 0.000000000000000000e+00 0.000000000000000000e+00 0.000000000000000000e+00 -1.000000000000000222e+00
2.935719999999999996e-01 5.405609999999999582e-01 0.000000000000000000e+00 0.000000000000000000e+00 0.000000000000000000e+00 0.000000000000000000e+00 0.000000000000000000e+00 -1.000000000000000000e+00
3.731289999999999885e-01 6.121959999999999624e-01 0.000000000000000000e+00 0.000000000000000000e+00 0.000000000000000000e+00 0.000000000000000000e+00 0.000000000000000000e+00 -9.999999999999997780e-01
2.490539999999999976e-01 7.499959999999999960e-01 0.000000000000000000e+00 0.000000000000000000e+00 0.000000000000000000e+00 0.000000000000000000e+00 0.000000000000000000e+00 -1.000000000000000222e+00
1.694970000000000088e-01 6.783609999999999918e-01 0.000000000000000000e+00 0.000000000000000000e+00 0.000000000000000000e+00 0.000000000000000000e+00 0.000000000000000000e+00 -9.999999999999996669e-01
4.439620000000000233e-01 6.674160000000000093e-01 0.000000000000000000e+00 0.000000000000000000e+00 0.000000000000000000e+00 0.000000000000000000e+00 0.000000000000000000e+00 -9.999999999999998890e-01
3.766510000000000136e-01 6.531090000000000506e-01 0.000000000000000000e+00 0.000000000000000000e+00 0.000000000000000000e+00 0.000000000000000000e+00 0.000000000000000000e+00 1.000000000000000000e+00
4.932650000000000090e-01 7.500419999999999865e-01 0.000000000000000000e+00 0.000000000000000000e+00 0.000000000000000000e+00 0.000000000000000000e+00 0.000000000000000000e+00 -1.000000000000000000e+00
4.699260000000000104e-01 6.907929999999999904e-01 0.000000000000000000e+00 0.000000000000000000e+00 0.000000000000000000e+00 0.000000000000000000e+00 0.000000000000000000e+00 -1.000000000000000000e+00
3.373399999999999732e-01 8.380429999999999824e-01 0.000000000000000000e+00 0.000000000000000000e+00 0.000000000000000000e+00 0.000000000000000000e+00 0.000000000000000000e+00 -1.000000000000000000e+00
3.987020000000000008e-01 8.550609999999999600e-01 0.000000000000000000e+00 0.000000000000000000e+00 0.000000000000000000e+00 0.000000000000000000e+00 0.000000000000000000e+00 -9.999999999999998890e-01
2.901099999999999790e-01 7.492180000000000506e-01 0.000000000000000000e+00 0.000000000000000000e+00 0.000000000000000000e+00 0.000000000000000000e+00 0.000000000000000000e+00 1.000000000000000000e+00
3.113750000000000129e-01 8.146649999999999725e-01 0.000000000000000000e+00 0.000000000000000000e+00 0.000000000000000000e+00 0.000000000000000000e+00 0.000000000000000000e+00 -1.000000000000000444e+00
5.099869999999999681e-01 8.601820000000000022e-01 0.000000000000000000e+00 0.000000000000000000e+00 0.000000000000000000e+00 0.000000000000000000e+00 -0.000000000000000000e+00 -1.000000000000000222e+00
4.395080000000000098e-01 8.682149999999999590e-01 0.000000000000000000e+00 0.000000000000000000e+00 0.000000000000000000e+00 0.000000000000000000e+00 0.000000000000000000e+00 -9.999999999999997780e-01
5.106079999999999508e-01 7.892500000000000071e-01 0.000000000000000000e+00 0.000000000000000000e+00 0.000000000000000000e+00 0.000000000000000000e+00 0.000000000000000000e+00 -9.999999999999997780e-01
1.806059999999999888e-01 1.336000000000000035e-02 0.000000000000000000e+00 0.000000000000000000e+00 0.000000000000000000e+00 -0.000000000000000000e+00 -0.000000000000000000e+00 1.000000000000000000e+00
1.053089999999999998e-01 7.404700000000000171e-02 0.000000000000000000e+00 0.000000000000000000e+00 0.000000000000000000e+00 0.000000000000000000e+00 0.000000000000000000e+00 1.000000000000000000e+00
2.001829999999999998e-01 1.686960000000000126e-01 0.000000000000000000e+00 0.000000000000000000e+00 0.000000000000000000e+00 0.000000000000000000e+00 0.000000000000000000e+00 1.000000000000000000e+00
1.120069999999999955e-01 1.400470000000000048e-01 0.000000000000000000e+00 0.000000000000000000e+00 0.000000000000000000e+00 0.000000000000000000e+00 0.000000000000000000e+00 -1.000000000000000000e+00
3.018649999999999944e-01 -5.980599999999999805e-02 0.000000000000000000e+00 0.000000000000000000e+00 0.000000000000000000e+00 -0.000000000000000000e+00 -0.000000000000000000e+00 1.000000000000000000e+00
2.265689999999999926e-01 8.809999999999999472e-04 0.000000000000000000e+00 0.000000000000000000e+00 0.000000000000000000e+00 -0.000000000000000000e+00 -0.000000000000000000e+00 1.000000000000000000e+00
2.623860000000000081e-01 4.065900000000000070e-02 0.000000000000000000e+00 0.000000000000000000e+00 0.000000000000000000e+00 0.000000000000000000e+00 0.000000000000000000e+00 1.000000000000000000e+00
3.419440000000000257e-01 -3.097600000000000006e-02 0.000000000000000000e+00 0.000000000000000000e+00 0.000000000000000000e+00 -0.000000000000000000e+00 -0.000000000000000000e+00 1.000000000000000000e+00
3.738000000000000211e-01 8.439900000000000180e-02 0.000000000000000000e+00 0.000000000000000000e+00 0.000000000000000000e+00 0.000000000000000000e+00 -0.000000000000000000e+00 -1.000000000000000222e+00
2.982040000000000246e-01 8.043799999999999562e-02 0.000000000000000000e+00 0.000000000000000000e+00 0.000000000000000000e+00 0.000000000000000000e+00 0.000000000000000000e+00 -1.000000000000000222e+00
3.777610000000000134e-01 8.803000000000000061e-03 0.000000000000000000e+00 0.000000000000000000e+00 0.000000000000000000e+00 -0.000000000000000000e+00 -0.000000000000000000e+00 1.000000000000000000e+00
0.000000000000000000e+00 0.000000000000000000e+00 0.000000000000000000e+00 0.000000000000000000e+00 0.000000000000000000e+00 0.000000000000000000e+00 0.000000000000000000e+00 0.000000000000000000e+00
0.000000000000000000e+00 0.000000000000000000e+00 0.000000000000000000e+00 0.000000000000000000e+00 0.000000000000000000e+00 0.000000000000000000e+00 0.000000000000000000e+00 0.000000000000000000e+00
0.000000000000000000e+00 0.000000000000000000e+00 0.000000000000000000e+00 0.000000000000000000e+00 0.000000000000000000e+00 0.000000000000000000e+00 0.000000000000000000e+00 0.000000000000000000e+00
0.000000000000000000e+00 0.000000000000000000e+00 0.000000000000000000e+00 0.000000000000000000e+00 0.000000000000000000e+00 0.000000000000000000e+00 0.000000000000000000e+00 0.000000000000000000e+00
0.000000000000000000e+00 0.000000000000000000e+00 0.000000000000000000e+00 0.000000000000000000e+00 0.000000000000000000e+00 0.000000000000000000e+00 0.000000000000000000e+00 0.000000000000000000e+00
0.000000000000000000e+00 0.000000000000000000e+00 0.000000000000000000e+00 0.000000000000000000e+00 0.000000000000000000e+00 0.000000000000000000e+00 0.000000000000000000e+00 0.000000000000000000e+00
0.000000000000000000e+00 0.000000000000000000e+00 0.000000000000000000e+00 0.000000000000000000e+00 0.000000000000000000e+00 0.000000000000000000e+00 0.000000000000000000e+00 0.000000000000000000e+00
0.000000000000000000e+00 0.000000000000000000e+00 0.000000000000000000e+00 0.000000000000000000e+00 0.000000000000000000e+00 0.000000000000000000e+00 0.000000000000000000e+00 0.000000000000000000e+00
0.000000000000000000e+00 0.000000000000000000e+00 0.000000000000000000e+00 0.000000000000000000e+00 0.000000000000000000e+00 0.000000000000000000e+00 0.000000000000000000e+00 0.000000000000000000e+00
0.000000000000000000e+00 0.000000000000000000e+00 0.000000000000000000e+00 0.000000000000000000e+00 0.000000000000000000e+00 0.000000000000000000e+00 0.000000000000000000e+00 0.000000000000000000e+00
0.000000000000000000e+00 0.000000000000000000e+00 0.000000000000000000e+00 0.000000000000000000e+00 0.000000000000000000e+00 0.000000000000000000e+00 0.000000000000000000e+00 0.000000000000000000e+00
0.000000000000000000e+00 0.000000000000000000e+00 0.000000000000000000e+00 0.000000000000000000e+00 0.000000000000000000e+00 0.000000000000000000e+00 0.000000000000000000e+00 0.000000000000000000e+00
0.000000000000000000e+00 0.000000000000000000e+00 0.000000000000000000e+00 0.000000000000000000e+00 0.000000000000000000e+00 0.000000000000000000e+00 0.000000000000000000e+00 0.000000000000000000e+00
0.000000000000000000e+00 0.000000000000000000e+00 0.000000000000000000e+00 0.000000000000000000e+00 0.000000000000000000e+00 0.000000000000000000e+00 0.000000000000000000e+00 0.000000000000000000e+00
0.000000000000000000e+00 0.000000000000000000e+00 0.000000000000000000e+00 0.000000000000000000e+00 0.000000000000000000e+00 0.000000000000000000e+00 0.000000000000000000e+00 0.000000000000000000e+00
0.000000000000000000e+00 0.000000000000000000e+00 0.000000000000000000e+00 0.000000000000000000e+00 0.000000000000000000e+00 0.000000000000000000e+00 0.000000000000000000e+00 0.000000000000000000e+00
0.000000000000000000e+00 0.000000000000000000e+00 0.000000000000000000e+00 0.000000000000000000e+00 0.000000000000000000e+00 0.000000000000000000e+00 0.000000000000000000e+00 0.000000000000000000e+00
0.000000000000000000e+00 0.000000000000000000e+00 0.000000000000000000e+00 0.000000000000000000e+00 0.000000000000000000e+00 0.000000000000000000e+00 0.000000000000000000e+00 0.000000000000000000e+00
0.000000000000000000e+00 0.000000000000000000e+00 0.000000000000000000e+00 0.000000000000000000e+00 0.000000000000000000e+00 0.000000000000000000e+00 0.000000000000000000e+00 0.000000000000000000e+00
0.000000000000000000e+00 0.000000000000000000e+00 0.000000000000000000e+00 0.000000000000000000e+00 0.000000000000000000e+00 0.000000000000000000e+00 0.000000000000000000e+00 0.000000000000000000e+00
0.000000000000000000e+00 0.000000000000000000e+00 0.000000000000000000e+00 0.000000000000000000e+00 0.000000000000000000e+00 0.000000000000000000e+00 0.000000000000000000e+00 0.000000000000000000e+00
0.000000000000000000e+00 0.000000000000000000e+00 0.000000000000000000e+00 0.000000000000000000e+00 0.000000000000000000e+00 0.000000000000000000e+00 0.000000000000000000e+00 0.000000000000000000e+00
0.000000000000000000e+00 0.000000000000000000e+00 0.000000000000000000e+00 0.000000000000000000e+00 0.000000000000000000e+00 0.000000000000000000e+00 0.000000000000000000e+00 0.000000000000000000e+00
0.000000000000000000e+00 0.000000000000000000e+00 0.000000000000000000e+00 0.000000000000000000e+00 0.000000000000000000e+00 0.000000000000000000e+00 0.000000000000000000e+00 0.000000000000000000e+00
0.000000000000000000e+00 0.000000000000000000e+00 0.000000000000000000e+00 0.000000000000000000e+00 0.000000000000000000e+00 0.000000000000000000e+00 0.000000000000000000e+00 0.000000000000000000e+00
0.000000000000000000e+00 0.000000000000000000e+00 0.000000000000000000e+00 0.000000000000000000e+00 0.000000000000000000e+00 0.000000000000000000e+00 0.000000000000000000e+00 0.000000000000000000e+00
0.000000000000000000e+00 0.000000000000000000e+00 0.000000000000000000e+00 0.000000000000000000e+00 0.000000000000000000e+00 0.000000000000000000e+00 0.000000000000000000e+00 0.000000000000000000e+00
0.000000000000000000e+00 0.000000000000000000e+00 0.000000000000000000e+00 0.000000000000000000e+00 0.000000000000000000e+00 0.000000000000000000e+00 0.000000000000000000e+00 0.000000000000000000e+00
0.000000000000000000e+00 0.000000000000000000e+00 0.000000000000000000e+00 0.000000000000000000e+00 0.000000000000000000e+00 0.000000000000000000e+00 0.000000000000000000e+00 0.000000000000000000e+00
0.000000000000000000e+00 0.000000000000000000e+00 0.000000000000000000e+00 0.000000000000000000e+00 0.000000000000000000e+00 0.000000000000000000e+00 0.000000000000000000e+00 0.000000000000000000e+00
0.000000000000000000e+00 0.000000000000000000e+00 0.000000000000000000e+00 0.000000000000000000e+00 0.000000000000000000e+00 0.000000000000000000e+00 0.000000000000000000e+00 0.000000000000000000e+00
0.000000000000000000e+00 0.000000000000000000e+00 0.000000000000000000e+00 0.000000000000000000e+00 0.000000000000000000e+00 0.000000000000000000e+00 0.000000000000000000e+00 0.000000000000000000e+00
0.000000000000000000e+00 0.000000000000000000e+00 0.000000000000000000e+00 0.000000000000000000e+00 0.000000000000000000e+00 0.000000000000000000e+00 0.000000000000000000e+00 0.000000000000000000e+00
0.000000000000000000e+00 0.000000000000000000e+00 0.000000000000000000e+00 0.000000000000000000e+00 0.000000000000000000e+00 0.000000000000000000e+00 0.000000000000000000e+00 0.000000000000000000e+00
0.000000000000000000e+00 0.000000000000000000e+00 0.000000000000000000e+00 0.000000000000000000e+00 0.000000000000000000e+00 0.000000000000000000e+00 0.000000000000000000e+00 0.000000000000000000e+00
0.000000000000000000e+00 0.000000000000000000e+00 0.000000000000000000e+00 0.000000000000000000e+00 0.000000000000000000e+00 0.000000000000000000e+00 0.000000000000000000e+00 0.000000000000000000e+00
0.000000000000000000e+00 0.000000000000000000e+00 0.000000000000000000e+00 0.000000000000000000e+00 0.000000000000000000e+00 0.000000000000000000e+00 0.000000000000000000e+00 0.000000000000000000e+00
0.000000000000000000e+00 0.000000000000000000e+00 0.000000000000000000e+00 0.000000000000000000e+00 0.000000000000000000e+00 0.000000000000000000e+00 0.000000000000000000e+00 0.000000000000000000e+00
0.000000000000000000e+00 0.000000000000000000e+00 0.000000000000000000e+00 0.000000000000000000e+00 0.000000000000000000e+00 0.000000000000000000e+00 0.000000000000000000e+00 0.000000000000000000e+00
0.000000000000000000e+00 0.000000000000000000e+00 0.000000000000000000e+00 0.000000000000000000e+00 0.000000000000000000e+00 0.000000000000000000e+00 0.000000000000000000e+00 0.000000000000000000e+00
0.000000000000000000e+00 0.000000000000000000e+00 0.000000000000000000e+00 0.000000000000000000e+00 0.000000000000000000e+00 0.000000000000000000e+00 0.000000000000000000e+00 0.000000000000000000e+00
0.000000000000000000e+00 0.000000000000000000e+00 0.000000000000000000e+00 0.000000000000000000e+00 0.000000000000000000e+00 0.000000000000000000e+00 0.000000000000000000e+00 0.000000000000000000e+00
0.000000000000000000e+00 0.000000000000000000e+00 0.000000000000000000e+00 0.000000000000000000e+00 0.000000000000000000e+00 0.000000000000000000e+00 0.000000000000000000e+00 0.000000000000000000e+00
0.000000000000000000e+00 0.000000000000000000e+00 0.000000000000000000e+00 0.000000000000000000e+00 0.000000000000000000e+00 0.000000000000000000e+00 0.000000000000000000e+00 0.000000000000000000e+00
0.000000000000000000e+00 0.000000000000000000e+00 0.000000000000000000e+00 0.000000000000000000e+00 0.000000000000000000e+00 0.000000000000000000e+00 0.000000000000000000e+00 0.000000000000000000e+00
0.000000000000000000e+00 0.000000000000000000e+00 0.000000000000000000e+00 0.000000000000000000e+00 0.000000000000000000e+00 0.000000000000000000e+00 0.000000000000000000e+00 0.000000000000000000e+00
0.000000000000000000e+00 0.000000000000000000e+00 0.000000000000000000e+00 0.000000000000000000e+00 0.000000000000000000e+00 0.000000000000000000e+00 0.000000000000000000e+00 0.000000000000000000e+00
0.000000000000000000e+00 0.000000000000000000e+00 0.000000000000000000e+00 0.000000000000000000e+00 0.000000000000000000e+00 0.000000000000000000e+00 0.000000000000000000e+00 0.000000000000000000e+00
0.000000000000000000e+00 0.000000000000000000e+00 0.000000000000000000e+00 0.000000000000000000e+00 0.000000000000000000e+00 0.000000000000000000e+00 0.000000000000000000e+00 0.000000000000000000e+00
0.000000000000000000e+00 0.000000000000000000e+00 0.000000000000000000e+00 0.000000000000000000e+00 0.000000000000000000e+00 0.000000000000000000e+00 0.000000000000000000e+00 0.000000000000000000e+00
0.000000000000000000e+00 0.000000000000000000e+00 0.000000000000000000e+00 0.000000000000000000e+00 0.000000000000000000e+00 0.000000000000000000e+00 0.000000000000000000e+00 0.000000000000000000e+00
0.000000000000000000e+00 0.000000000000000000e+00 0.000000000000000000e+00 0.000000000000000000e+00 0.000000000000000000e+00 0.000000000000000000e+00 0.000000000000000000e+00 0.000000000000000000e+00
0.000000000000000000e+00 0.000000000000000000e+00 0.000000000000000000e+00 0.000000000000000000e+00 0.000000000000000000e+00 0.000000000000000000e+00 0.000000000000000000e+00 0.000000000000000000e+00
0.000000000000000000e+00 0.000000000000000000e+00 0.000000000000000000e+00 0.000000000000000000e+00 0.000000000000000000e+00 0.000000000000000000e+00 0.000000000000000000e+00 0.000000000000000000e+00
0.000000000000000000e+00 0.000000000000000000e+00 0.000000000000000000e+00 0.000000000000000000e+00 0.000000000000000000e+00 0.000000000000000000e+00 0.000000000000000000e+00 0.000000000000000000e+00
0.000000000000000000e+00 0.000000000000000000e+00 0.000000000000000000e+00 0.000000000000000000e+00 0.000000000000000000e+00 0.000000000000000000e+00 0.000000000000000000e+00 0.000000000000000000e+00
0.000000000000000000e+00 0.000000000000000000e+00 0.000000000000000000e+00 0.000000000000000000e+00 0.000000000000000000e+00 0.000000000000000000e+00 0.000000000000000000e+00 0.000000000000000000e+00
0.000000000000000000e+00 0.000000000000000000e+00 0.000000000000000000e+00 0.000000000000000000e+00 0.000000000000000000e+00 0.000000000000000000e+00 0.000000000000000000e+00 0.000000000000000000e+00
0.000000000000000000e+00 0.000000000000000000e+00 0.000000000000000000e+00 0.000000000000000000e+00 0.000000000000000000e+00 0.000000000000000000e+00 0.000000000000000000e+00 0.000000000000000000e+00
0.000000000000000000e+00 0.000000000000000000e+00 0.000000000000000000e+00 0.000000000000000000e+00 0.000000000000000000e+00 0.000000000000000000e+00 0.000000000000000000e+00 0.000000000000000000e+00
0.000000000000000000e+00 0.000000000000000000e+00 0.000000000000000000e+00 0.000000000000000000e+00 0.000000000000000000e+00 0.000000000000000000e+00 0.000000000000000000e+00 0.000000000000000000e+00
0.000000000000000000e+00 0.000000000000000000e+00 0.000000000000000000e+00 0.000000000000000000e+00 0.000000000000000000e+00 0.000000000000000000e+00 0.000000000000000000e+00 0.000000000000000000e+00
0.000000000000000000e+00 0.000000000000000000e+00 0.000000000000000000e+00 0.000000000000000000e+00 0.000000000000000000e+00 0.000000000000000000e+00 0.000000000000000000e+00 0.000000000000000000e+00
0.000000000000000000e+00 0.000000000000000000e+00 0.000000000000000000e+00 0.000000000000000000e+00 0.000000000000000000e+00 0.000000000000000000e+00 0.000000000000000000e+00 0.000000000000000000e+00
0.000000000000000000e+00 0.000000000000000000e+00 0.000000000000000000e+00 0.000000000000000000e+00 0.000000000000000000e+00 0.000000000000000000e+00 0.000000000000000000e+00 0.000000000000000000e+00
0.000000000000000000e+00 0.000000000000000000e+00 0.000000000000000000e+00 0.000000000000000000e+00 0.000000000000000000e+00 0.000000000000000000e+00 0.000000000000000000e+00 0.000000000000000000e+00
0.000000000000000000e+00 0.000000000000000000e+00 0.000000000000000000e+00 0.000000000000000000e+00 0.000000000000000000e+00 0.000000000000000000e+00 0.000000000000000000e+00 0.000000000000000000e+00
0.000000000000000000e+00 0.000000000000000000e+00 0.000000000000000000e+00 0.000000000000000000e+00 0.000000000000000000e+00 0.000000000000000000e+00 0.000000000000000000e+00 0.000000000000000000e+00
0.000000000000000000e+00 0.000000000000000000e+00 0.000000000000000000e+00 0.000000000000000000e+00 0.000000000000000000e+00 0.000000000000000000e+00 0.000000000000000000e+00 0.000000000000000000e+00
0.000000000000000000e+00 0.000000000000000000e+00 0.000000000000000000e+00 0.000000000000000000e+00 0.000000000000000000e+00 0.000000000000000000e+00 0.000000000000000000e+00 0.000000000000000000e+00
0.000000000000000000e+00 0.000000000000000000e+00 0.000000000000000000e+00 0.000000000000000000e+00 0.000000000000000000e+00 0.000000000000000000e+00 0.000000000000000000e+00 0.000000000000000000e+00
