-2.431460000000000010e-01 -1.245649999999999952e-01 -1.412380000000000024e-01 4.166670000000000096e-01 8.739800000000000346e-02 -5.324525184702942893e-01 1.967546211689354951e-01 -8.232751269310337738e-01
-2.502599999999999825e-01 -5.346599999999999964e-02 -1.178789999999999977e-01 3.958329999999999904e-01 1.032519999999999966e-01 9.096089453567127725e-01 -7.387319561699952353e-02 -4.088451020819267590e-01
-2.004829999999999945e-01 -3.585399999999999698e-02 -6.148800000000000099e-02 4.166670000000000096e-01 8.739800000000000346e-02 9.397074745588650524e-01 -2.353834035316421658e-01 -2.480816712295771664e-01
-2.123170000000000057e-01 -7.701099999999999612e-02 6.819999999999999674e-03 4.166670000000000096e-01 8.739800000000000346e-02 9.920042810286748836e-01 1.254289862449108617e-01 -1.396695494213577582e-02
-1.794550000000000034e-01 -1.434060000000000057e-01 8.078999999999999376e-03 3.750000000000000000e-01 1.190739999999999993e-01 -1.904988668214220859e-01 -1.127786000831298985e-01 -9.751877609481389708e-01
-1.067260000000000014e-01 -1.439880000000000049e-01 -6.061000000000000415e-03 4.166670000000000096e-01 8.739800000000000346e-02 -2.371523023297494870e-01 2.181224365615085092e-01 9.466685735610798069e-01
-7.232700000000000240e-02 -8.316099999999999881e-02 1.630200000000000052e-02 3.750000000000000000e-01 1.190739999999999993e-01 6.084321122854031982e-02 3.139366899504173469e-01 -9.474924054315023714e-01
1.806000000000000097e-03 -8.627100000000000046e-02 2.003200000000000119e-02 4.166670000000000096e-01 8.739800000000000346e-02 3.045211819102076611e-01 -1.024700645932673931e-02 9.524504441841752378e-01
2.718200000000000130e-02 -1.614700000000000163e-02 -7.010999999999999871e-03 4.166670000000000096e-01 8.739800000000000346e-02 -1.368782303244757692e-01 -3.252457691595063149e-01 -9.356706363390279169e-01
1.002470000000000028e-01 -1.125699999999999965e-02 -1.931400000000000131e-02 3.958329999999999904e-01 1.032519999999999966e-01 1.274928340987877273e-01 -9.336183093766702301e-01 3.348170092007082821e-01
1.258809999999999929e-01 -2.932799999999999990e-02 -8.129799999999999527e-02 3.958329999999999904e-01 1.032519999999999966e-01 -1.198117279320793094e-01 9.387077191197589210e-01 -3.232227837187679476e-01
1.934819999999999873e-01 -1.987200000000000077e-02 -7.889400000000000579e-02 3.958329999999999904e-01 1.032519999999999966e-01 -1.184429791271704585e-01 9.330846566759223304e-01 -3.395942934907137389e-01
2.100889999999999980e-01 5.436999999999999993e-03 -1.514599999999999974e-02 4.166670000000000096e-01 8.739800000000000346e-02 1.230668746599980073e-01 -9.328250161608523383e-01 3.386621230458549681e-01
1.507880000000000054e-01 1.181399999999999985e-02 2.389600000000000057e-02 4.166670000000000096e-01 8.739800000000000346e-02 1.280869691955617007e-01 -9.292829486986277088e-01 3.464490288343709534e-01
2.830349999999999810e-01 2.160499999999999921e-02 2.807000000000000033e-03 4.166670000000000096e-01 8.739800000000000346e-02 1.568419687599064138e-01 3.694725906799851689e-01 -9.159097125654562799e-01
3.305629999999999957e-01 -3.876899999999999791e-02 -1.480599999999999972e-02 4.166670000000000096e-01 8.739800000000000346e-02 6.319246400586300827e-03 2.930382802085507166e-01 -9.560798258813661965e-01
4.058559999999999945e-01 -1.915499999999999842e-02 -8.904000000000000456e-03 4.166670000000000096e-01 8.739800000000000346e-02 7.556735634391292811e-02 -5.796148848456718072e-01 8.113791714855211890e-01
4.252690000000000081e-01 3.015299999999999925e-02 2.571199999999999875e-02 3.750000000000000000e-01 1.190739999999999993e-01 0.000000000000000000e+00 0.000000000000000000e+00 1.000000000000000000e+00
4.474159999999999804e-01 -6.522300000000000320e-02 -4.455100000000000032e-02 3.958329999999999904e-01 1.032519999999999966e-01 4.989695604707160975e-02 -5.922950864936457060e-01 8.041746230096553649e-01
5.199340000000000073e-01 -6.541900000000000492e-02 -5.005099999999999827e-02 4.166670000000000096e-01 8.739800000000000346e-02 5.151029087329280637e-02 -6.239516391506694237e-01 7.797634525516964343e-01
5.492050000000000542e-01 -1.163320000000000048e-01 -9.217799999999999605e-02 4.166670000000000096e-01 8.739800000000000346e-02 4.676152905462828413e-02 -6.147434209553903628e-01 7.873397524528639169e-01
6.205570000000000253e-01 -1.215989999999999988e-01 -9.989499999999999769e-02 4.166670000000000096e-01 8.739800000000000346e-02 2.511316385375023455e-02 -5.999719348921360718e-01 7.996267919117275857e-01
6.637469999999999759e-01 -7.555599999999999816e-02 -6.518200000000000383e-02 4.166670000000000096e-01 8.739800000000000346e-02 6.229026381448629548e-04 -6.280170604294914583e-01 7.781993213835411982e-01
6.352029999999999621e-01 -2.503599999999999923e-02 -2.197100000000000095e-02 4.166670000000000096e-01 8.739800000000000346e-02 1.160432604921932814e-02 -6.505668677482274731e-01 7.593603164540557726e-01
5.632270000000000332e-01 -1.937099999999999933e-02 -1.550699999999999995e-02 4.166670000000000096e-01 8.739800000000000346e-02 2.609674493013981744e-02 -6.198811179931894566e-01 7.842616651727691846e-01
6.815710000000000379e-01 1.981000000000000122e-02 1.624600000000000002e-02 4.166670000000000096e-01 8.739800000000000346e-02 5.782020679211592462e-01 -7.920469700810661706e-01 1.958161531567245428e-01
6.759319999999999773e-01 3.146899999999999697e-02 8.631300000000000083e-02 4.166670000000000096e-01 8.739800000000000346e-02 5.269302676317028089e-01 -8.325757473779706874e-01 1.707691949140580645e-01
7.446120000000000516e-01 7.975000000000000144e-02 1.136910000000000004e-01 6.770829999999999904e-01 2.466480000000000061e-01 -5.253376141286728584e-01 8.362940230713108436e-01 -1.569480747151592026e-01
7.747290000000000010e-01 8.315000000000000169e-02 3.099999999999999978e-02 4.166670000000000096e-01 8.739800000000000346e-02 5.660167380702058049e-01 -8.108634384805987194e-01 1.487465507492001793e-01
7.372600000000000264e-01 5.107199999999999934e-02 -1.552300000000000034e-02 3.958329999999999904e-01 1.032519999999999966e-01 -5.424306181944227312e-01 8.292029163534068159e-01 -1.348760466362424471e-01
8.310889999999999667e-01 1.218469999999999970e-01 1.318100000000000001e-02 3.958329999999999904e-01 1.032519999999999966e-01 5.031785625535704076e-01 -8.525910026740354253e-01 -1.410670632919166501e-01
8.826669999999999794e-01 1.424970000000000125e-01 5.710900000000000004e-02 4.166670000000000096e-01 8.739800000000000346e-02 5.903470076191400517e-01 -7.138048829725330835e-01 -3.767930461668515529e-01
8.939700000000000424e-01 1.198710000000000053e-01 1.153310000000000030e-01 3.750000000000000000e-01 1.190739999999999993e-01 0.000000000000000000e+00 0.000000000000000000e+00 1.000000000000000000e+00
9.288699999999999735e-01 1.963969999999999883e-01 2.523200000000000096e-02 4.166670000000000096e-01 8.739800000000000346e-02 -5.559505107629565401e-01 -3.141521141982861476e-02 -8.306215227610318497e-01
3.360500000000000292e-02 -1.508029999999999926e-01 -1.531599999999999975e-02 4.166670000000000096e-01 8.739800000000000346e-02 9.586048203638655174e-01 -2.682785986328119210e-02 2.834732162133085098e-01
-5.779999999999999548e-04 -2.168160000000000087e-01 1.385699999999999953e-02 4.166670000000000096e-01 8.739800000000000346e-02 -2.177618883012546851e-03 6.511418626899222462e-01 7.589529185850059090e-01
-7.723800000000000110e-02 -2.075200000000000100e-01 3.124199999999999894e-02 4.166670000000000096e-01 8.739800000000000346e-02 2.587001749821192867e-02 2.413298242921919079e-01 9.700982723939580721e-01
-1.136179999999999968e-01 -2.703079999999999927e-01 1.486299999999999948e-02 3.750000000000000000e-01 1.190739999999999993e-01 4.478644124513361247e-01 -2.636149650365765540e-02 -8.937127835953264654e-01
3.528099999999999986e-02 -2.380700000000000038e-01 7.514400000000000246e-02 3.750000000000000000e-01 1.190739999999999993e-01 6.889629033720211515e-01 -4.578354952629171137e-01 -5.618868009257335094e-01
2.591800000000000007e-02 -1.479350000000000109e-01 -9.127000000000000390e-02 3.958329999999999904e-01 1.032519999999999966e-01 9.644819538750211141e-01 -2.075734660809013532e-01 1.633640622309038559e-01
-1.930900000000000116e-01 -4.084800000000000236e-02 6.794200000000000239e-02 3.750000000000000000e-01 1.190739999999999993e-01 7.421842922776524798e-01 4.479520477885007290e-01 -4.984991867379606756e-01
-2.247089999999999921e-01 2.446299999999999863e-02 7.955500000000000071e-02 4.166670000000000096e-01 8.739800000000000346e-02 -6.451207035910719867e-01 -6.482051077397689154e-01 -4.045360504309035155e-01
-2.499099999999999933e-01 6.137999999999999706e-02 1.409400000000000062e-02 4.166670000000000096e-01 8.739800000000000346e-02 -1.819171471687259234e-01 -9.728930614621239537e-01 -1.427768977280579332e-01
-2.017720000000000069e-01 4.270999999999999797e-02 -4.590299999999999936e-02 4.166670000000000096e-01 8.739800000000000346e-02 7.592118227870913172e-01 6.189146527884672455e-01 -2.013505915164716109e-01
-2.214230000000000087e-01 8.077199999999999658e-02 -1.064370000000000038e-01 3.750000000000000000e-01 1.190739999999999993e-01 -1.235596991069760897e-01 8.215068547722368386e-01 5.566502387665170914e-01
-3.188730000000000175e-01 4.338100000000000289e-02 -5.658999999999999968e-03 3.750000000000000000e-01 1.190739999999999993e-01 -1.559326263642192845e-01 9.378160789861988977e-01 -3.101387077262502956e-01
-3.669589999999999796e-01 5.344600000000000045e-02 4.895300000000000346e-02 4.166670000000000096e-01 8.739800000000000346e-02 -3.516334372536935454e-02 -9.066732011137339509e-01 -4.203656094880097172e-01
-3.511880000000000002e-01 2.269999999999999882e-03 1.081710000000000033e-01 4.166670000000000096e-01 8.739800000000000346e-02 7.346819823471957556e-02 -9.046058424469640702e-01 -4.198698532390273686e-01
-2.792379999999999862e-01 1.790599999999999831e-02 1.364930000000000032e-01 4.166670000000000096e-01 8.739800000000000346e-02 -1.899787879295709858e-01 9.809420730830812341e-01 -4.075180231938690251e-02
-4.023639999999999994e-01 4.602000000000000188e-03 1.646090000000000053e-01 3.958329999999999904e-01 1.032519999999999966e-01 3.296436928574585923e-01 -6.476382848678589044e-01 6.869495525384056167e-01
-4.348020000000000218e-01 4.031599999999999767e-02 2.326699999999999949e-02 3.750000000000000000e-01 1.190739999999999993e-01 3.724717845998036791e-01 -1.258152495870747400e-01 -9.194755530455279713e-01
-4.685460000000000180e-01 1.028779999999999972e-01 1.036999999999999944e-03 4.166670000000000096e-01 8.739800000000000346e-02 -6.535187166019387206e-01 -7.142756778422545416e-01 2.504466871291023411e-01
-5.109160000000000368e-01 1.316070000000000018e-01 6.317499999999999505e-02 4.166670000000000096e-01 8.739800000000000346e-02 -3.357122091815513132e-01 -8.154825336826463378e-01 4.714716851147839893e-01
-4.683039999999999980e-01 1.756890000000000118e-01 1.083260000000000056e-01 3.958329999999999904e-01 1.032519999999999966e-01 7.821483685903124483e-01 -5.707400012704610948e-01 2.499995609222278037e-01
-5.750870000000000148e-01 1.701900000000000079e-01 3.877900000000000097e-02 4.166670000000000096e-01 8.739800000000000346e-02 4.424866010699964880e-01 2.213955509303414115e-01 -8.690164658404190279e-01
-6.248949999999999783e-01 1.220890000000000031e-01 -7.680000000000000195e-04 4.166670000000000096e-01 8.739800000000000346e-02 -6.111782604152915521e-01 -4.095581755945810754e-01 6.772911004873580776e-01
-5.867149999999999865e-01 6.185999999999999832e-02 -3.742199999999999693e-02 4.166670000000000096e-01 8.739800000000000346e-02 5.328517563329636664e-01 1.305976473357970957e-01 8.360701288069266601e-01
-5.146770000000000511e-01 8.480600000000000638e-02 -6.152900000000000036e-02 4.166670000000000096e-01 8.739800000000000346e-02 4.270003971731456405e-01 -8.141785551229138163e-01 -3.934259030515660505e-01
-5.181280000000000330e-01 1.429360000000000075e-01 -1.074380000000000057e-01 3.750000000000000000e-01 1.190739999999999993e-01 -6.800899592257286796e-02 -6.208332399527456413e-01 -7.809871091403363108e-01
-5.841100000000000181e-01 3.817000000000000080e-03 8.193000000000000629e-03 3.750000000000000000e-01 1.190739999999999993e-01 -3.455692810146574478e-01 -5.893753093500101459e-01 -7.302181980391840854e-01
-6.638290000000000024e-01 1.642569999999999864e-01 -5.074200000000000238e-02 3.958329999999999904e-01 1.032519999999999966e-01 -6.574485277497231772e-01 -2.380224652465171287e-01 7.149172954948650460e-01
-1.899589999999999890e-01 -1.369779999999999887e-01 -1.551470000000000071e-01 0.000000000000000000e+00 0.000000000000000000e+00 7.169276155873333112e-02 -9.403264596695161126e-01 -3.326353817402420421e-01
-2.749300000000000077e-01 -1.318860000000000032e-01 -1.873120000000000063e-01 0.000000000000000000e+00 0.000000000000000000e+00 7.169276155873333112e-02 -9.403264596695161126e-01 -3.326353817402420421e-01
-2.614859999999999962e-01 -1.610330000000000095e-01 -1.025110000000000049e-01 0.000000000000000000e+00 0.000000000000000000e+00 7.169276155873118006e-02 -9.403264596695160016e-01 -3.326353817402427082e-01
-2.395299999999999929e-01 -2.076400000000000121e-02 -1.578549999999999953e-01 0.000000000000000000e+00 0.000000000000000000e+00 0.000000000000000000e+00 0.000000000000000000e+00 1.000000000000000000e+00
-1.492449999999999888e-01 -4.596999999999999698e-02 -8.294400000000000384e-02 0.000000000000000000e+00 0.000000000000000000e+00 0.000000000000000000e+00 0.000000000000000000e+00 1.000000000000000000e+00
-2.676410000000000178e-01 -8.814400000000000013e-02 1.157200000000000069e-02 0.000000000000000000e+00 0.000000000000000000e+00 0.000000000000000000e+00 0.000000000000000000e+00 1.000000000000000000e+00
-1.020780000000000021e-01 -1.500239999999999907e-01 -6.190099999999999769e-02 0.000000000000000000e+00 0.000000000000000000e+00 0.000000000000000000e+00 0.000000000000000000e+00 1.000000000000000000e+00
1.473900000000000036e-02 -8.930000000000000437e-02 7.510799999999999421e-02 0.000000000000000000e+00 0.000000000000000000e+00 0.000000000000000000e+00 0.000000000000000000e+00 1.000000000000000000e+00
7.330000000000000361e-04 -2.599999999999999881e-03 -5.521500000000000019e-02 0.000000000000000000e+00 0.000000000000000000e+00 7.938916990955552366e-01 5.373522096061633668e-01 -2.845849134064320496e-01
1.290200000000000027e-02 2.435999999999999971e-02 2.963800000000000115e-02 0.000000000000000000e+00 0.000000000000000000e+00 7.938916990955553477e-01 5.373522096061630338e-01 -2.845849134064318831e-01
1.407799999999999885e-01 2.968399999999999858e-02 7.551499999999999879e-02 0.000000000000000000e+00 0.000000000000000000e+00 0.000000000000000000e+00 0.000000000000000000e+00 1.000000000000000000e+00
2.870639999999999858e-01 3.301099999999999868e-02 5.792400000000000326e-02 0.000000000000000000e+00 0.000000000000000000e+00 9.482590287305331378e-01 -3.174771288933505575e-01 -3.617604270884325346e-03
2.985010000000000163e-01 6.812200000000000200e-02 -2.547400000000000012e-02 0.000000000000000000e+00 0.000000000000000000e+00 9.482590287305446841e-01 -3.174771288933164182e-01 -3.617604270870308780e-03
3.207969999999999988e-01 -8.185499999999999721e-02 2.081099999999999964e-02 0.000000000000000000e+00 0.000000000000000000e+00 9.553786030099857829e-01 -2.839187875092796243e-01 -8.149752763089498919e-02
3.205859999999999821e-01 -5.720599999999999991e-02 -6.753399999999999681e-02 0.000000000000000000e+00 0.000000000000000000e+00 9.553786030099904458e-01 -2.839187875092645807e-01 -8.149752763089072871e-02
4.229990000000000139e-01 -1.027180000000000037e-01 -7.155300000000000549e-02 0.000000000000000000e+00 0.000000000000000000e+00 0.000000000000000000e+00 0.000000000000000000e+00 1.000000000000000000e+00
5.169730000000000159e-01 -1.536150000000000015e-01 -1.186989999999999990e-01 0.000000000000000000e+00 0.000000000000000000e+00 0.000000000000000000e+00 0.000000000000000000e+00 1.000000000000000000e+00
6.425699999999999745e-01 -1.630560000000000065e-01 -1.300640000000000129e-01 0.000000000000000000e+00 0.000000000000000000e+00 0.000000000000000000e+00 0.000000000000000000e+00 1.000000000000000000e+00
7.190079999999999805e-01 -8.262899999999999412e-02 -6.835399999999999809e-02 0.000000000000000000e+00 0.000000000000000000e+00 0.000000000000000000e+00 0.000000000000000000e+00 1.000000000000000000e+00
5.423799999999999732e-01 2.087800000000000072e-02 1.743700000000000111e-02 0.000000000000000000e+00 0.000000000000000000e+00 0.000000000000000000e+00 0.000000000000000000e+00 1.000000000000000000e+00
6.372100000000000541e-01 1.332000000000000024e-02 1.219039999999999985e-01 0.000000000000000000e+00 0.000000000000000000e+00 0.000000000000000000e+00 0.000000000000000000e+00 1.000000000000000000e+00
8.352110000000000367e-01 1.301420000000000077e-01 -3.822699999999999709e-02 0.000000000000000000e+00 0.000000000000000000e+00 0.000000000000000000e+00 0.000000000000000000e+00 1.000000000000000000e+00
9.060829999999999718e-01 2.474800000000000055e-01 3.282100000000000295e-02 0.000000000000000000e+00 0.000000000000000000e+00 -5.934994641410954452e-01 -7.028075826549047278e-01 3.921987861110761697e-01
9.361699999999999466e-01 1.869719999999999993e-01 -2.989999999999999949e-02 0.000000000000000000e+00 0.000000000000000000e+00 -5.934994641410958893e-01 -7.028075826549026184e-01 3.921987861110795004e-01
9.795500000000000318e-01 1.948850000000000027e-01 5.000500000000000084e-02 0.000000000000000000e+00 0.000000000000000000e+00 -5.934994641410997751e-01 -7.028075826549061711e-01 3.921987861110670104e-01
8.888200000000000267e-02 -1.528569999999999929e-01 -3.739999999999999835e-03 0.000000000000000000e+00 0.000000000000000000e+00 0.000000000000000000e+00 0.000000000000000000e+00 1.000000000000000000e+00
6.623999999999999680e-03 -2.593969999999999887e-01 -2.260600000000000109e-02 0.000000000000000000e+00 0.000000000000000000e+00 0.000000000000000000e+00 0.000000000000000000e+00 1.000000000000000000e+00
-8.400100000000000622e-02 -2.007609999999999950e-01 8.699900000000000688e-02 0.000000000000000000e+00 0.000000000000000000e+00 0.000000000000000000e+00 0.000000000000000000e+00 1.000000000000000000e+00
-1.567979999999999929e-01 -2.560589999999999811e-01 -7.196000000000000139e-03 0.000000000000000000e+00 0.000000000000000000e+00 0.000000000000000000e+00 0.000000000000000000e+00 1.000000000000000000e+00
1.542499999999999948e-02 -2.828280000000000238e-01 8.726699999999999735e-02 0.000000000000000000e+00 0.000000000000000000e+00 0.000000000000000000e+00 0.000000000000000000e+00 1.000000000000000000e+00
4.334500000000000158e-02 -1.930389999999999884e-01 -1.125189999999999940e-01 0.000000000000000000e+00 0.000000000000000000e+00 -5.871460757563983224e-01 1.480640037713422397e-01 -7.958244382469424894e-01
6.017299999999999732e-02 -1.115860000000000046e-01 -1.097800000000000026e-01 0.000000000000000000e+00 0.000000000000000000e+00 -5.871460757563978783e-01 1.480640037713432111e-01 -7.958244382469427114e-01
-1.825039999999999996e-01 5.570499999999999757e-02 1.009789999999999993e-01 0.000000000000000000e+00 0.000000000000000000e+00 0.000000000000000000e+00 0.000000000000000000e+00 1.000000000000000000e+00
-2.493160000000000098e-01 1.174199999999999966e-01 2.195599999999999982e-02 0.000000000000000000e+00 0.000000000000000000e+00 0.000000000000000000e+00 0.000000000000000000e+00 1.000000000000000000e+00
-1.493279999999999885e-01 5.926000000000000018e-02 -3.289199999999999763e-02 0.000000000000000000e+00 0.000000000000000000e+00 0.000000000000000000e+00 0.000000000000000000e+00 1.000000000000000000e+00
-2.716080000000000161e-01 7.496800000000000685e-02 -1.090109999999999968e-01 0.000000000000000000e+00 0.000000000000000000e+00 -1.235596991069760897e-01 8.215068547722368386e-01 5.566502387665170914e-01
-3.622429999999999817e-01 1.065559999999999979e-01 6.819000000000000061e-02 0.000000000000000000e+00 0.000000000000000000e+00 0.000000000000000000e+00 0.000000000000000000e+00 1.000000000000000000e+00
-3.517089999999999939e-01 -5.036600000000000105e-02 8.745300000000000296e-02 0.000000000000000000e+00 0.000000000000000000e+00 0.000000000000000000e+00 0.000000000000000000e+00 1.000000000000000000e+00
-2.810070000000000068e-01 6.714699999999999835e-02 1.645929999999999893e-01 0.000000000000000000e+00 0.000000000000000000e+00 9.626265003901891548e-01 1.594938625045657365e-01 -2.188879360995288903e-01
-2.641740000000000199e-01 -2.186799999999999855e-02 1.737599999999999978e-01 0.000000000000000000e+00 0.000000000000000000e+00 9.626265003901891548e-01 1.594938625045657365e-01 -2.188879360995288903e-01
-4.493300000000000072e-01 -6.742999999999999862e-03 1.435450000000000059e-01 0.000000000000000000e+00 0.000000000000000000e+00 3.201894430438334549e-01 3.259922090405623640e-01 -8.894986229377391806e-01
-4.075170000000000181e-01 5.452400000000000302e-02 1.810499999999999887e-01 0.000000000000000000e+00 0.000000000000000000e+00 3.201894430438018690e-01 3.259922090405855677e-01 -8.894986229377417342e-01
-4.301079999999999903e-01 1.408310000000000117e-01 -1.642000000000000057e-02 0.000000000000000000e+00 0.000000000000000000e+00 0.000000000000000000e+00 0.000000000000000000e+00 1.000000000000000000e+00
-5.272900000000000365e-01 8.827300000000000424e-02 9.581499999999999739e-02 0.000000000000000000e+00 0.000000000000000000e+00 0.000000000000000000e+00 0.000000000000000000e+00 1.000000000000000000e+00
-4.973480000000000123e-01 1.916200000000000125e-01 1.493279999999999885e-01 0.000000000000000000e+00 0.000000000000000000e+00 8.279129959555324714e-01 8.103437321359512058e-02 5.549716222346996464e-01
-4.553400000000000225e-01 2.199319999999999886e-01 8.252600000000000213e-02 0.000000000000000000e+00 0.000000000000000000e+00 8.279129959555329155e-01 8.103437321359564793e-02 5.549716222346987582e-01
-5.590070000000000316e-01 2.139220000000000010e-01 6.257999999999999674e-03 0.000000000000000000e+00 0.000000000000000000e+00 8.584569370156910351e-01 6.287727219674500712e-02 5.090168326595242432e-01
-6.027590000000000447e-01 1.931309999999999971e-01 8.261400000000000687e-02 0.000000000000000000e+00 0.000000000000000000e+00 8.584569370157040247e-01 6.287727219665760481e-02 5.090168326595135850e-01
-6.618020000000000014e-01 1.007369999999999932e-01 3.639599999999999780e-02 0.000000000000000000e+00 0.000000000000000000e+00 0.000000000000000000e+00 0.000000000000000000e+00 1.000000000000000000e+00
-6.170330000000000537e-01 4.510900000000000326e-02 -8.215899999999999592e-02 0.000000000000000000e+00 0.000000000000000000e+00 0.000000000000000000e+00 0.000000000000000000e+00 1.000000000000000000e+00
-4.905439999999999801e-01 4.246799999999999881e-02 -9.052200000000000524e-02 0.000000000000000000e+00 0.000000000000000000e+00 0.000000000000000000e+00 0.000000000000000000e+00 1.000000000000000000e+00
-5.667659999999999920e-01 1.557199999999999973e-01 -1.133649999999999936e-01 0.000000000000000000e+00 0.000000000000000000e+00 0.000000000000000000e+00 0.000000000000000000e+00 1.000000000000000000e+00
-5.387530000000000374e-01 -1.772100000000000064e-02 4.112000000000000204e-03 0.000000000000000000e+00 0.000000000000000000e+00 0.000000000000000000e+00 0.000000000000000000e+00 1.000000000000000000e+00
-7.056569999999999787e-01 1.362760000000000082e-01 -6.732799999999999896e-02 0.000000000000000000e+00 0.000000000000000000e+00 -9.722569507346512374e-03 5.205996667676374701e-01 -8.537455467547694354e-01
-6.852019999999999778e-01 2.053889999999999882e-01 -2.541699999999999862e-02 0.000000000000000000e+00 0.000000000000000000e+00 -9.722569507345082962e-03 5.205996667676358047e-01 -8.537455467547703236e-01
0.000000000000000000e+00 0.000000000000000000e+00 0.000000000000000000e+00 0.000000000000000000e+00 0.000000000000000000e+00 0.000000000000000000e+00 0.000000000000000000e+00 0.000000000000000000e+00
0.000000000000000000e+00 0.000000000000000000e+00 0.000000000000000000e+00 0.000000000000000000e+00 0.000000000000000000e+00 0.000000000000000000e+00 0.000000000000000000e+00 0.000000000000000000e+00
0.000000000000000000e+00 0.000000000000000000e+00 0.000000000000000000e+00 0.000000000000000000e+00 0.000000000000000000e+00 0.000000000000000000e+00 0.000000000000000000e+00 0.000000000000000000e+00
0.000000000000000000e+00 0.000000000000000000e+00 0.000000000000000000e+00 0.000000000000000000e+00 0.000000000000000000e+00 0.000000000000000000e+00 0.000000000000000000e+00 0.000000000000000000e+00
0.000000000000000000e+00 0.000000000000000000e+00 0.000000000000000000e+00 0.000000000000000000e+00 0.000000000000000000e+00 0.000000000000000000e+00 0.000000000000000000e+00 0.000000000000000000e+00
0.000000000000000000e+00 0.000000000000000000e+00 0.000000000000000000e+00 0.000000000000000000e+00 0.000000000000000000e+00 0.000000000000000000e+00 0.000000000000000000e+00 0.000000000000000000e+00
0.000000000000000000e+00 0.000000000000000000e+00 0.000000000000000000e+00 0.000000000000000000e+00 0.000000000000000000e+00 0.000000000000000000e+00 0.000000000000000000e+00 0.000000000000000000e+00
0.000000000000000000e+00 0.000000000000000000e+00 0.000000000000000000e+00 0.000000000000000000e+00 0.000000000000000000e+00 0.000000000000000000e+00 0.000000000000000000e+00 0.000000000000000000e+00
0.000000000000000000e+00 0.000000000000000000e+00 0.000000000000000000e+00 0.000000000000000000e+00 0.000000000000000000e+00 0.000000000000000000e+00 0.000000000000000000e+00 0.000000000000000000e+00
0.000000000000000000e+00 0.000000000000000000e+00 0.000000000000000000e+00 0.000000000000000000e+00 0.000000000000000000e+00 0.000000000000000000e+00 0.000000000000000000e+00 0.000000000000000000e+00
0.000000000000000000e+00 0.000000000000000000e+00 0.000000000000000000e+00 0.000000000000000000e+00 0.000000000000000000e+00 0.000000000000000000e+00 0.000000000000000000e+00 0.000000000000000000e+00
0.000000000000000000e+00 0.000000000000000000e+00 0.000000000000000000e+00 0.000000000000000000e+00 0.000000000000000000e+00 0.000000000000000000e+00 0.000000000000000000e+00 0.000000000000000000e+00
0.000000000000000000e+00 0.000000000000000000e+00 0.000000000000000000e+00 0.000000000000000000e+00 0.000000000000000000e+00 0.000000000000000000e+00 0.000000000000000000e+00 0.000000000000000000e+00
0.000000000000000000e+00 0.000000000000000000e+00 0.000000000000000000e+00 0.000000000000000000e+00 0.000000000000000000e+00 0.000000000000000000e+00 0.000000000000000000e+00 0.000000000000000000e+00
0.000000000000000000e+00 0.000000000000000000e+00 0.000000000000000000e+00 0.000000000000000000e+00 0.000000000000000000e+00 0.000000000000000000e+00 0.000000000000000000e+00 0.000000000000000000e+00
0.000000000000000000e+00 0.000000000000000000e+00 0.000000000000000000e+00 0.000000000000000000e+00 0.000000000000000000e+00 0.000000000000000000e+00 0.000000000000000000e+00 0.000000000000000000e+00
0.000000000000000000e+00 0.000000000000000000e+00 0.000000000000000000e+00 0.000000000000000000e+00 0.000000000000000000e+00 0.000000000000000000e+00 0.000000000000000000e+00 0.000000000000000000e+00
0.000000000000000000e+00 0.000000000000000000e+00 0.000000000000000000e+00 0.000000000000000000e+00 0.000000000000000000e+00 0.000000000000000000e+00 0.000000000000000000e+00 0.000000000000000000e+00
0.000000000000000000e+00 0.000000000000000000e+00 0.000000000000000000e+00 0.000000000000000000e+00 0.000000000000000000e+00 0.000000000000000000e+00 0.000000000000000000e+00 0.000000000000000000e+00
0.000000000000000000e+00 0.000000000000000000e+00 0.000000000000000000e+00 0.000000000000000000e+00 0.000000000000000000e+00 0.000000000000000000e+00 0.000000000000000000e+00 0.000000000000000000e+00
0.000000000000000000e+00 0.000000000000000000e+00 0.000000000000000000e+00 0.000000000000000000e+00 0.000000000000000000e+00 0.000000000000000000e+00 0.000000000000000000e+00 0.000000000000000000e+00
0.000000000000000000e+00 0.000000000000000000e+00 0.000000000000000000e+00 0.000000000000000000e+00 0.000000000000000000e+00 0.000000000000000000e+00 0.000000000000000000e+00 0.000000000000000000e+00
0.000000000000000000e+00 0.000000000000000000e+00 0.000000000000000000e+00 0.000000000000000000e+00 0.000000000000000000e+00 0.000000000000000000e+00 0.000000000000000000e+00 0.000000000000000000e+00
0.000000000000000000e+00 0.000000000000000000e+00 0.000000000000000000e+00 0.000000000000000000e+00 0.000000000000000000e+00 0.000000000000000000e+00 0.000000000000000000e+00 0.000000000000000000e+00
0.000000000000000000e+00 0.000000000000000000e+00 0.000000000000000000e+00 0.000000000000000000e+00 0.000000000000000000e+00 0.000000000000000000e+00 0.000000000000000000e+00 0.000000000000000000e+00
0.000000000000000000e+00 0.000000000000000000e+00 0.000000000000000000e+00 0.000000000000000000e+00 0.000000000000000000e+00 0.000000000000000000e+00 0.000000000000000000e+00 0.000000000000000000e+00
0.000000000000000000e+00 0.000000000000000000e+00 0.000000000000000000e+00 0.000000000000000000e+00 0.000000000000000000e+00 0.000000000000000000e+00 0.000000000000000000e+00 0.000000000000000000e+00
0.000000000000000000e+00 0.000000000000000000e+00 0.000000000000000000e+00 0.000000000000000000e+00 0.000000000000000000e+00 0.000000000000000000e+00 0.000000000000000000e+00 0.000000000000000000e+00
0.000000000000000000e+00 0.000000000000000000e+00 0.000000000000000000e+00 0.000000000000000000e+00 0.000000000000000000e+00 0.000000000000000000e+00 0.000000000000000000e+00 0.000000000000000000e+00
0.000000000000000000e+00 0.000000000000000000e+00 0.000000000000000000e+00 0.000000000000000000e+00 0.000000000000000000e+00 0.000000000000000000e+00 0.000000000000000000e+00 0.000000000000000000e+00
0.000000000000000000e+00 0.000000000000000000e+00 0.000000000000000000e+00 0.000000000000000000e+00 0.000000000000000000e+00 0.000000000000000000e+00 0.000000000000000000e+00 0.000000000000000000e+00
0.000000000000000000e+00 0.000000000000000000e+00 0.000000000000000000e+00 0.000000000000000000e+00 0.000000000000000000e+00 0.000000000000000000e+00 0.000000000000000000e+00 0.000000000000000000e+00
0.000000000000000000e+00 0.000000000000000000e+00 0.000000000000000000e+00 0.000000000000000000e+00 0.000000000000000000e+00 0.000000000000000000e+00 0.000000000000000000e+00 0.000000000000000000e+00
0.000000000000000000e+00 0.000000000000000000e+00 0.000000000000000000e+00 0.000000000000000000e+00 0.000000000000000000e+00 0.000000000000000000e+00 0.000000000000000000e+00 0.000000000000000000e+00
0.000000000000000000e+00 0.000000000000000000e+00 0.000000000000000000e+00 0.000000000000000000e+00 0.000000000000000000e+00 0.000000000000000000e+00 0.000000000000000000e+00 0.000000000000000000e+00
0.000000000000000000e+00 0.000000000000000000e+00 0.000000000000000000e+00 0.000000000000000000e+00 0.000000000000000000e+00 0.000000000000000000e+00 0.000000000000000000e+00 0.000000000000000000e+00
0.000000000000000000e+00 0.000000000000000000e+00 0.000000000000000000e+00 0.000000000000000000e+00 0.000000000000000000e+00 0.000000000000000000e+00 0.000000000000000000e+00 0.000000000000000000e+00
0.000000000000000000e+00 0.000000000000000000e+00 0.000000000000000000e+00 0.000000000000000000e+00 0.000000000000000000e+00 0.000000000000000000e+00 0.000000000000000000e+00 0.000000000000000000e+00
0.000000000000000000e+00 0.000000000000000000e+00 0.000000000000000000e+00 0.000000000000000000e+00 0.000000000000000000e+00 0.000000000000000000e+00 0.000000000000000000e+00 0.000000000000000000e+00
0.000000000000000000e+00 0.000000000000000000e+00 0.000000000000000000e+00 0.000000000000000000e+00 0.000000000000000000e+00 0.000000000000000000e+00 0.000000000000000000e+00 0.000000000000000000e+00
0.000000000000000000e+00 0.000000000000000000e+00 0.000000000000000000e+00 0.000000000000000000e+00 0.000000000000000000e+00 0.000000000000000000e+00 0.000000000000000000e+00 0.000000000000000000e+00
0.000000000000000000e+00 0.000000000000000000e+00 0.000000000000000000e+00 0.000000000000000000e+00 0.000000000000000000e+00 0.000000000000000000e+00 0.000000000000000000e+00 0.000000000000000000e+00
0.000000000000000000e+00 0.000000000000000000e+00 0.000000000000000000e+00 0.000000000000000000e+00 0.000000000000000000e+00 0.000000000000000000e+00 0.000000000000000000e+00 0.000000000000000000e+00
0.000000000000000000e+00 0.000000000000000000e+00 0.000000000000000000e+00 0.000000000000000000e+00 0.000000000000000000e+00 0.000000000000000000e+00 0.000000000000000000e+00 0.000000000000000000e+00
0.000000000000000000e+00 0.000000000000000000e+00 0.000000000000000000e+00 0.000000000000000000e+00 0.000000000000000000e+00 0.000000000000000000e+00 0.000000000000000000e+00 0.000000000000000000e+00
0.000000000000000000e+00 0.000000000000000000e+00 0.000000000000000000e+00 0.000000000000000000e+00 0.000000000000000000e+00 0.000000000000000000e+00 0.000000000000000000e+00 0.000000000000000000e+00
0.000000000000000000e+00 0.000000000000000000e+00 0.000000000000000000e+00 0.000000000000000000e+00 0.000000000000000000e+00 0.000000000000000000e+00 0.000000000000000000e+00 0.000000000000000000e+00
0.000000000000000000e+00 0.000000000000000000e+00 0.000000000000000000e+00 0.000000000000000000e+00 0.000000000000000000e+00 0.000000000000000000e+00 0.000000000000000000e+00 0.000000000000000000e+00
0.000000000000000000e+00 0.000000000000000000e+00 0.000000000000000000e+00 0.000000000000000000e+00 0.000000000000000000e+00 0.000000000000000000e+00 0.000000000000000000e+00 0.000000000000000000e+00
0.000000000000000000e+00 0.000000000000000000e+00 0.000000000000000000e+00 0.000000000000000000e+00 0.000000000000000000e+00 0.000000000000000000e+00 0.000000000000000000e+00 0.000000000000000000e+00
0.000000000000000000e+00 0.000000000000000000e+00 0.000000000000000000e+00 0.000000000000000000e+00 0.000000000000000000e+00 0.000000000000000000e+00 0.000000000000000000e+00 0.000000000000000000e+00
0.000000000000000000e+00 0.000000000000000000e+00 0.000000000000000000e+00 0.000000000000000000e+00 0.000000000000000000e+00 0.000000000000000000e+00 0.000000000000000000e+00 0.000000000000000000e+00
0.000000000000000000e+00 0.000000000000000000e+00 0.000000000000000000e+00 0.000000000000000000e+00 0.000000000000000000e+00 0.000000000000000000e+00 0.000000000000000000e+00 0.000000000000000000e+00
0.000000000000000000e+00 0.000000000000000000e+00 0.000000000000000000e+00 0.000000000000000000e+00 0.000000000000000000e+00 0.000000000000000000e+00 0.000000000000000000e+00 0.000000000000000000e+00
0.000000000000000000e+00 0.000000000000000000e+00 0.000000000000000000e+00 0.000000000000000000e+00 0.000000000000000000e+00 0.000000000000000000e+00 0.000000000000000000e+00 0.000000000000000000e+00
0.000000000000000000e+00 0.000000000000000000e+00 0.000000000000000000e+00 0.000000000000000000e+00 0.000000000000000000e+00 0.000000000000000000e+00 0.000000000000000000e+00 0.000000000000000000e+00
0.000000000000000000e+00 0.000000000000000000e+00 0.000000000000000000e+00 0.000000000000000000e+00 0.000000000000000000e+00 0.000000000000000000e+00 0.000000000000000000e+00 0.000000000000000000e+00
0.000000000000000000e+00 0.000000000000000000e+00 0.000000000000000000e+00 0.000000000000000000e+00 0.000000000000000000e+00 0.000000000000000000e+00 0.000000000000000000e+00 0.000000000000000000e+00
0.000000000000000000e+00 0.000000000000000000e+00 0.000000000000000000e+00 0.000000000000000000e+00 0.000000000000000000e+00 0.000000000000000000e+00 0.000000000000000000e+00 0.000000000000000000e+00
0.000000000000000000e+00 0.000000000000000000e+00 0.000000000000000000e+00 0.000000000000000000e+00 0.000000000000000000e+00 0.000000000000000000e+00 0.000000000000000000e+00 0.000000000000000000e+00
0.000000000000000000e+00 0.000000000000000000e+00 0.000000000000000000e+00 0.000000000000000000e+00 0.000000000000000000e+00 0.000000000000000000e+00 0.000000000000000000e+00 0.000000000000000000e+00
0.000000000000000000e+00 0.000000000000000000e+00 0.000000000000000000e+00 0.000000000000000000e+00 0.000000000000000000e+00 0.000000000000000000e+00 0.000000000000000000e+00 0.000000000000000000e+00
0.000000000000000000e+00 0.000000000000000000e+00 0.000000000000000000e+00 0.000000000000000000e+00 0.000000000000000000e+00 0.000000000000000000e+00 0.000000000000000000e+00 0.000000000000000000e+00
0.000000000000000000e+00 0.000000000000000000e+00 0.000000000000000000e+00 0.000000000000000000e+00 0.000000000000000000e+00 0.000000000000000000e+00 0.000000000000000000e+00 0.000000000000000000e+00
0.000000000000000000e+00 0.000000000000000000e+00 0.000000000000000000e+00 0.000000000000000000e+00 0.000000000000000000e+00 0.000000000000000000e+00 0.000000000000000000e+00 0.000000000000000000e+00
0.000000000000000000e+00 0.000000000000000000e+00 0.000000000000000000e+00 0.000000000000000000e+00 0.000000000000000000e+00 0.000000000000000000e+00 0.000000000000000000e+00 0.000000000000000000e+00
0.000000000000000000e+00 0.000000000000000000e+00 0.000000000000000000e+00 0.000000000000000000e+00 0.000000000000000000e+00 0.000000000000000000e+00 0.000000000000000000e+00 0.000000000000000000e+00
0.000000000000000000e+00 0.000000000000000000e+00 0.000000000000000000e+00 0.000000000000000000e+00 0.000000000000000000e+00 0.000000000000000000e+00 0.000000000000000000e+00 0.000000000000000000e+00
0.000000000000000000e+00 0.000000000000000000e+00 0.000000000000000000e+00 0.000000000000000000e+00 0.000000000000000000e+00 0.000000000000000000e+00 0.000000000000000000e+00 0.000000000000000000e+00
0.000000000000000000e+00 0.000000000000000000e+00 0.000000000000000000e+00 0.000000000000000000e+00 0.000000000000000000e+00 0.000000000000000000e+00 0.000000000000000000e+00 0.000000000000000000e+00
0.000000000000000000e+00 0.000000000000000000e+00 0.000000000000000000e+00 0.000000000000000000e+00 0.000000000000000000e+00 0.000000000000000000e+00 0.000000000000000000e+00 0.000000000000000000e+00
0.000000000000000000e+00 0.000000000000000000e+00 0.000000000000000000e+00 0.000000000000000000e+00 0.000000000000000000e+00 0.000000000000000000e+00 0.000000000000000000e+00 0.000000000000000000e+00
0.000000000000000000e+00 0.000000000000000000e+00 0.000000000000000000e+00 0.000000000000000000e+00 0.000000000000000000e+00 0.000000000000000000e+00 0.000000000000000000e+00 0.000000000000000000e+00
0.000000000000000000e+00 0.000000000000000000e+00 0.000000000000000000e+00 0.000000000000000000e+00 0.000000000000000000e+00 0.000000000000000000e+00 0.000000000000000000e+00 0.000000000000000000e+00
0.000000000000000000e+00 0.000000000000000000e+00 0.000000000000000000e+00 0.000000000000000000e+00 0.000000000000000000e+00 0.000000000000000000e+00 0.000000000000000000e+00 0.000000000000000000e+00
0.000000000000000000e+00 0.000000000000000000e+00 0.000000000000000000e+00 0.000000000000000000e+00 0.000000000000000000e+00 0.000000000000000000e+00 0.000000000000000000e+00 0.000000000000000000e+00
0.000000000000000000e+00 0.000000000000000000e+00 0.000000000000000000e+00 0.000000000000000000e+00 0.000000000000000000e+00 0.000000000000000000e+00 0.000000000000000000e+00 0.000000000000000000e+00
0.000000000000000000e+00 0.000000000000000000e+00 0.000000000000000000e+00 0.000000000000000000e+00 0.000000000000000000e+00 0.000000000000000000e+00 0.000000000000000000e+00 0.000000000000000000e+00
0.000000000000000000e+00 0.000000000000000000e+00 0.000000000000000000e+00 0.000000000000000000e+00 0.000000000000000000e+00 0.000000000000000000e+00 0.000000000000000000e+00 0.000000000000000000e+00
0.000000000000000000e+00 0.000000000000000000e+00 0.000000000000000000e+00 0.000000000000000000e+00 0.000000000000000000e+00 0.000000000000000000e+00 0.000000000000000000e+00 0.000000000000000000e+00
0.000000000000000000e+00 0.000000000000000000e+00 0.000000000000000000e+00 0.000000000000000000e+00 0.000000000000000000e+00 0.000000000000000000e+00 0.000000000000000000e+00 0.000000000000000000e+00
0.000000000000000000e+00 0.000000000000000000e+00 0.000000000000000000e+00 0.000000000000000000e+00 0.000000000000000000e+00 0.000000000000000000e+00 0.000000000000000000e+00 0.000000000000000000e+00
0.000000000000000000e+00 0.000000000000000000e+00 0.000000000000000000e+00 0.000000000000000000e+00 0.000000000000000000e+00 0.000000000000000000e+00 0.000000000000000000e+00 0.000000000000000000e+00
0.000000000000000000e+00 0.000000000000000000e+00 0.000000000000000000e+00 0.000000000000000000e+00 0.000000000000000000e+00 0.000000000000000000e+00 0.000000000000000000e+00 0.000000000000000000e+00
0.000000000000000000e+00 0.000000000000000000e+00 0.000000000000000000e+00 0.000000000000000000e+00 0.000000000000000000e+00 0.000000000000000000e+00 0.000000000000000000e+00 0.000000000000000000e+00
0.000000000000000000e+00 0.000000000000000000e+00 0.000000000000000000e+00 0.000000000000000000e+00 0.000000000000000000e+00 0.000000000000000000e+00 0.000000000000000000e+00 0.000000000000000000e+00
0.000000000000000000e+00 0.000000000000000000e+00 0.000000000000000000e+00 0.000000000000000000e+00 0.000000000000000000e+00 0.000000000000000000e+00 0.000000000000000000e+00 0.000000000000000000e+00
0.000000000000000000e+00 0.000000000000000000e+00 0.000000000000000000e+00 0.000000000000000000e+00 0.000000000000000000e+00 0.000000000000000000e+00 0.000000000000000000e+00 0.000000000000000000e+00
0.000000000000000000e+00 0.000000000000000000e+00 0.000000000000000000e+00 0.000000000000000000e+00 0.000000000000000000e+00 0.000000000000000000e+00 0.000000000000000000e+00 0.000000000000000000e+00
0.000000000000000000e+00 0.000000000000000000e+00 0.000000000000000000e+00 0.000000000000000000e+00 0.000000000000000000e+00 0.000000000000000000e+00 0.000000000000000000e+00 0.000000000000000000e+00
0.000000000000000000e+00 0.000000000000000000e+00 0.000000000000000000e+00 0.000000000000000000e+00 0.000000000000000000e+00 0.000000000000000000e+00 0.000000000000000000e+00 0.000000000000000000e+00
0.000000000000000000e+00 0.000000000000000000e+00 0.000000000000000000e+00 0.000000000000000000e+00 0.000000000000000000e+00 0.000000000000000000e+00 0.000000000000000000e+00 0.000000000000000000e+00
0.000000000000000000e+00 0.000000000000000000e+00 0.000000000000000000e+00 0.000000000000000000e+00 0.000000000000000000e+00 0.000000000000000000e+00 0.000000000000000000e+00 0.000000000000000000e+00
0.000000000000000000e+00 0.000000000000000000e+00 0.000000000000000000e+00 0.000000000000000000e+00 0.000000000000000000e+00 0.000000000000000000e+00 0.000000000000000000e+00 0.000000000000000000e+00
0.000000000000000000e+00 0.000000000000000000e+00 0.000000000000000000e+00 0.000000000000000000e+00 0.000000000000000000e+00 0.000000000000000000e+00 0.000000000000000000e+00 0.000000000000000000e+00
0.000000000000000000e+00 0.000000000000000000e+00 0.000000000000000000e+00 0.000000000000000000e+00 0.000000000000000000e+00 0.000000000000000000e+00 0.000000000000000000e+00 0.000000000000000000e+00
0.000000000000000000e+00 0.000000000000000000e+00 0.000000000000000000e+00 0.000000000000000000e+00 0.000000000000000000e+00 0.000000000000000000e+00 0.000000000000000000e+00 0.000000000000000000e+00
0.000000000000000000e+00 0.000000000000000000e+00 0.000000000000000000e+00 0.000000000000000000e+00 0.000000000000000000e+00 0.000000000000000000e+00 0.000000000000000000e+00 0.000000000000000000e+00
0.000000000000000000e+00 0.000000000000000000e+00 0.000000000000000000e+00 0.000000000000000000e+00 0.000000000000000000e+00 0.000000000000000000e+00 0.000000000000000000e+00 0.000000000000000000e+00
0.000000000000000000e+00 0.000000000000000000e+00 0.000000000000000000e+00 0.000000000000000000e+00 0.000000000000000000e+00 0.000000000000000000e+00 0.000000000000000000e+00 0.000000000000000000e+00
0.000000000000000000e+00 0.000000000000000000e+00 0.000000000000000000e+00 0.000000000000000000e+00 0.000000000000000000e+00 0.000000000000000000e+00 0.000000000000000000e+00 0.000000000000000000e+00
0.000000000000000000e+00 0.000000000000000000e+00 0.000000000000000000e+00 0.000000000000000000e+00 0.000000000000000000e+00 0.000000000000000000e+00 0.000000000000000000e+00 0.000000000000000000e+00
0.000000000000000000e+00 0.000000000000000000e+00 0.000000000000000000e+00 0.000000000000000000e+00 0.000000000000000000e+00 0.000000000000000000e+00 0.000000000000000000e+00 0.000000000000000000e+00
0.000000000000000000e+00 0.000000000000000000e+00 0.000000000000000000e+00 0.000000000000000000e+00 0.000000000000000000e+00 0.000000000000000000e+00 0.000000000000000000e+00 0.000000000000000000e+00
0.000000000000000000e+00 0.000000000000000000e+00 0.000000000000000000e+00 0.000000000000000000e+00 0.000000000000000000e+00 0.000000000000000000e+00 0.000000000000000000e+00 0.000000000000000000e+00
0.000000000000000000e+00 0.000000000000000000e+00 0.000000000000000000e+00 0.000000000000000000e+00 0.000000000000000000e+00 0.000000000000000000e+00 0.000000000000000000e+00 0.000000000000000000e+00
0.000000000000000000e+00 0.000000000000000000e+00 0.000000000000000000e+00 0.000000000000000000e+00 0.000000000000000000e+00 0.000000000000000000e+00 0.000000000000000000e+00 0.000000000000000000e+00
0.000000000000000000e+00 0.000000000000000000e+00 0.000000000000000000e+00 0.000000000000000000e+00 0.000000000000000000e+00 0.000000000000000000e+00 0.000000000000000000e+00 0.000000000000000000e+00
0.000000000000000000e+00 0.000000000000000000e+00 0.000000000000000000e+00 0.000000000000000000e+00 0.000000000000000000e+00 0.000000000000000000e+00 0.000000000000000000e+00 0.000000000000000000e+00
0.000000000000000000e+00 0.000000000000000000e+00 0.000000000000000000e+00 0.000000000000000000e+00 0.000000000000000000e+00 0.000000000000000000e+00 0.000000000000000000e+00 0.000000000000000000e+00
0.000000000000000000e+00 0.000000000000000000e+00 0.000000000000000000e+00 0.000000000000000000e+00 0.000000000000000000e+00 0.000000000000000000e+00 0.000000000000000000e+00 0.000000000000000000e+00
0.000000000000000000e+00 0.000000000000000000e+00 0.000000000000000000e+00 0.000000000000000000e+00 0.000000000000000000e+00 0.000000000000000000e+00 0.000000000000000000e+00 0.000000000000000000e+00
0.000000000000000000e+00 0.000000000000000000e+00 0.000000000000000000e+00 0.000000000000000000e+00 0.000000000000000000e+00 0.000000000000000000e+00 0.000000000000000000e+00 0.000000000000000000e+00
0.000000000000000000e+00 0.000000000000000000e+00 0.000000000000000000e+00 0.000000000000000000e+00 0.000000000000000000e+00 0.000000000000000000e+00 0.000000000000000000e+00 0.000000000000000000e+00
0.000000000000000000e+00 0.000000000000000000e+00 0.000000000000000000e+00 0.000000000000000000e+00 0.000000000000000000e+00 0.000000000000000000e+00 0.000000000000000000e+00 0.000000000000000000e+00
0.000000000000000000e+00 0.000000000000000000e+00 0.000000000000000000e+00 0.000000000000000000e+00 0.000000000000000000e+00 0.000000000000000000e+00 0.000000000000000000e+00 0.000000000000000000e+00
0.000000000000000000e+00 0.000000000000000000e+00 0.000000000000000000e+00 0.000000000000000000e+00 0.000000000000000000e+00 0.000000000000000000e+00 0.000000000000000000e+00 0.000000000000000000e+00
0.000000000000000000e+00 0.000000000000000000e+00 0.000000000000000000e+00 0.000000000000000000e+00 0.000000000000000000e+00 0.000000000000000000e+00 0.000000000000000000e+00 0.000000000000000000e+00
0.000000000000000000e+00 0.000000000000000000e+00 0.000000000000000000e+00 0.000000000000000000e+00 0.000000000000000000e+00 0.000000000000000000e+00 0.000000000000000000e+00 0.000000000000000000e+00
0.000000000000000000e+00 0.000000000000000000e+00 0.000000000000000000e+00 0.000000000000000000e+00 0.000000000000000000e+00 0.000000000000000000e+00 0.000000000000000000e+00 0.000000000000000000e+00
0.000000000000000000e+00 0.000000000000000000e+00 0.000000000000000000e+00 0.000000000000000000e+00 0.000000000000000000e+00 0.000000000000000000e+00 0.000000000000000000e+00 0.000000000000000000e+00
0.000000000000000000e+00 0.000000000000000000e+00 0.000000000000000000e+00 0.000000000000000000e+00 0.000000000000000000e+00 0.000000000000000000e+00 0.000000000000000000e+00 0.000000000000000000e+00
0.000000000000000000e+00 0.000000000000000000e+00 0.000000000000000000e+00 0.000000000000000000e+00 0.000000000000000000e+00 0.000000000000000000e+00 0.000000000000000000e+00 0.000000000000000000e+00
0.000000000000000000e+00 0.000000000000000000e+00 0.000000000000000000e+00 0.000000000000000000e+00 0.000000000000000000e+00 0.000000000000000000e+00 0.000000000000000000e+00 0.000000000000000000e+00
0.000000000000000000e+00 0.000000000000000000e+00 0.000000000000000000e+00 0.000000000000000000e+00 0.000000000000000000e+00 0.000000000000000000e+00 0.000000000000000000e+00 0.000000000000000000e+00
0.000000000000000000e+00 0.000000000000000000e+00 0.000000000000000000e+00 0.000000000000000000e+00 0.000000000000000000e+00 0.000000000000000000e+00 0.000000000000000000e+00 0.000000000000000000e+00
0.000000000000000000e+00 0.000000000000000000e+00 0.000000000000000000e+00 0.000000000000000000e+00 0.000000000000000000e+00 0.000000000000000000e+00 0.000000000000000000e+00 0.000000000000000000e+00
0.000000000000000000e+00 0.000000000000000000e+00 0.000000000000000000e+00 0.000000000000000000e+00 0.000000000000000000e+00 0.000000000000000000e+00 0.000000000000000000e+00 0.000000000000000000e+00
0.000000000000000000e+00 0.000000000000000000e+00 0.000000000000000000e+00 0.000000000000000000e+00 0.000000000000000000e+00 0.000000000000000000e+00 0.000000000000000000e+00 0.000000000000000000e+00
0.000000000000000000e+00 0.000000000000000000e+00 0.000000000000000000e+00 0.000000000000000000e+00 0.000000000000000000e+00 0.000000000000000000e+00 0.000000000000000000e+00 0.000000000000000000e+00
0.000000000000000000e+00 0.000000000000000000e+00 0.000000000000000000e+00 0.000000000000000000e+00 0.000000000000000000e+00 0.000000000000000000e+00 0.000000000000000000e+00 0.000000000000000000e+00
0.000000000000000000e+00 0.000000000000000000e+00 0.000000000000000000e+00 0.000000000000000000e+00 0.000000000000000000e+00 0.000000000000000000e+00 0.000000000000000000e+00 0.000000000000000000e+00
0.000000000000000000e+00 0.000000000000000000e+00 0.000000000000000000e+00 0.000000000000000000e+00 0.000000000000000000e+00 0.000000000000000000e+00 0.000000000000000000e+00 0.000000000000000000e+00
0.000000000000000000e+00 0.000000000000000000e+00 0.000000000000000000e+00 0.000000000000000000e+00 0.000000000000000000e+00 0.000000000000000000e+00 0.000000000000000000e+00 0.000000000000000000e+00
0.000000000000000000e+00 0.000000000000000000e+00 0.000000000000000000e+00 0.000000000000000000e+00 0.000000000000000000e+00 0.000000000000000000e+00 0.000000000000000000e+00 0.000000000000000000e+00
0.000000000000000000e+00 0.000000000000000000e+00 0.000000000000000000e+00 0.000000000000000000e+00 0.000000000000000000e+00 0.000000000000000000e+00 0.000000000000000000e+00 0.000000000000000000e+00
0.000000000000000000e+00 0.000000000000000000e+00 0.000000000000000000e+00 0.000000000000000000e+00 0.000000000000000000e+00 0.000000000000000000e+00 0.000000000000000000e+00 0.000000000000000000e+00
0.000000000000000000e+00 0.000000000000000000e+00 0.000000000000000000e+00 0.000000000000000000e+00 0.000000000000000000e+00 0.000000000000000000e+00 0.000000000000000000e+00 0.000000000000000000e+00
0.000000000000000000e+00 0.000000000000000000e+00 0.000000000000000000e+00 0.000000000000000000e+00 0.000000000000000000e+00 0.000000000000000000e+00 0.000000000000000000e+00 0.000000000000000000e+00
0.000000000000000000e+00 0.000000000000000000e+00 0.000000000000000000e+00 0.000000000000000000e+00 0.000000000000000000e+00 0.000000000000000000e+00 0.000000000000000000e+00 0.000000000000000000e+00
0.000000000000000000e+00 0.000000000000000000e+00 0.000000000000000000e+00 0.000000000000000000e+00 0.000000000000000000e+00 0.000000000000000000e+00 0.000000000000000000e+00 0.000000000000000000e+00
0.000000000000000000e+00 0.000000000000000000e+00 0.000000000000000000e+00 0.000000000000000000e+00 0.000000000000000000e+00 0.000000000000000000e+00 0.000000000000000000e+00 0.000000000000000000e+00
0.000000000000000000e+00 0.000000000000000000e+00 0.000000000000000000e+00 0.000000000000000000e+00 0.000000000000000000e+00 0.000000000000000000e+00 0.000000000000000000e+00 0.000000000000000000e+00
0.000000000000000000e+00 0.000000000000000000e+00 0.000000000000000000e+00 0.000000000000000000e+00 0.000000000000000000e+00 0.000000000000000000e+00 0.000000000000000000e+00 0.000000000000000000e+00
0.000000000000000000e+00 0.000000000000000000e+00 0.000000000000000000e+00 0.000000000000000000e+00 0.000000000000000000e+00 0.000000000000000000e+00 0.000000000000000000e+00 0.000000000000000000e+00
0.000000000000000000e+00 0.000000000000000000e+00 0.000000000000000000e+00 0.000000000000000000e+00 0.000000000000000000e+00 0.000000000000000000e+00 0.000000000000000000e+00 0.000000000000000000e+00
0.000000000000000000e+00 0.000000000000000000e+00 0.000000000000000000e+00 0.000000000000000000e+00 0.000000000000000000e+00 0.000000000000000000e+00 0.000000000000000000e+00 0.000000000000000000e+00
0.000000000000000000e+00 0.000000000000000000e+00 0.000000000000000000e+00 0.000000000000000000e+00 0.000000000000000000e+00 0.000000000000000000e+00 0.000000000000000000e+00 0.000000000000000000e+00
0.000000000000000000e+00 0.000000000000000000e+00 0.000000000000000000e+00 0.000000000000000000e+00 0.000000000000000000e+00 0.000000000000000000e+00 0.000000000000000000e+00 0.000000000000000000e+00
0.000000000000000000e+00 0.000000000000000000e+00 0.000000000000000000e+00 0.000000000000000000e+00 0.000000000000000000e+00 0.000000000000000000e+00 0.000000000000000000e+00 0.000000000000000000e+00
0.000000000000000000e+00 0.000000000000000000e+00 0.000000000000000000e+00 0.000000000000000000e+00 0.000000000000000000e+00 0.000000000000000000e+00 0.000000000000000000e+00 0.000000000000000000e+00
0.000000000000000000e+00 0.000000000000000000e+00 0.000000000000000000e+00 0.000000000000000000e+00 0.000000000000000000e+00 0.000000000000000000e+00 0.000000000000000000e+00 0.000000000000000000e+00
0.000000000000000000e+00 0.000000000000000000e+00 0.000000000000000000e+00 0.000000000000000000e+00 0.000000000000000000e+00 0.000000000000000000e+00 0.000000000000000000e+00 0.000000000000000000e+00
0.000000000000000000e+00 0.000000000000000000e+00 0.000000000000000000e+00 0.000000000000000000e+00 0.000000000000000000e+00 0.000000000000000000e+00 0.000000000000000000e+00 0.000000000000000000e+00
0.000000000000000000e+00 0.000000000000000000e+00 0.000000000000000000e+00 0.000000000000000000e+00 0.000000000000000000e+00 0.000000000000000000e+00 0.000000000000000000e+00 0.000000000000000000e+00
0.000000000000000000e+00 0.000000000000000000e+00 0.000000000000000000e+00 0.000000000000000000e+00 0.000000000000000000e+00 0.000000000000000000e+00 0.000000000000000000e+00 0.000000000000000000e+00
0.000000000000000000e+00 0.000000000000000000e+00 0.000000000000000000e+00 0.000000000000000000e+00 0.000000000000000000e+00 0.000000000000000000e+00 0.000000000000000000e+00 0.000000000000000000e+00
0.000000000000000000e+00 0.000000000000000000e+00 0.000000000000000000e+00 0.000000000000000000e+00 0.000000000000000000e+00 0.000000000000000000e+00 0.000000000000000000e+00 0.000000000000000000e+00
0.000000000000000000e+00 0.000000000000000000e+00 0.000000000000000000e+00 0.000000000000000000e+00 0.000000000000000000e+00 0.000000000000000000e+00 0.000000000000000000e+00 0.000000000000000000e+00
0.000000000000000000e+00 0.000000000000000000e+00 0.000000000000000000e+00 0.000000000000000000e+00 0.000000000000000000e+00 0.000000000000000000e+00 0.000000000000000000e+00 0.000000000000000000e+00
0.000000000000000000e+00 0.000000000000000000e+00 0.000000000000000000e+00 0.000000000000000000e+00 0.000000000000000000e+00 0.000000000000000000e+00 0.000000000000000000e+00 0.000000000000000000e+00
0.000000000000000000e+00 0.000000000000000000e+00 0.000000000000000000e+00 0.000000000000000000e+00 0.000000000000000000e+00 0.000000000000000000e+00 0.000000000000000000e+00 0.000000000000000000e+00
0.000000000000000000e+00 0.000000000000000000e+00 0.000000000000000000e+00 0.000000000000000000e+00 0.000000000000000000e+00 0.000000000000000000e+00 0.000000000000000000e+00 0.000000000000000000e+00
0.000000000000000000e+00 0.000000000000000000e+00 0.000000000000000000e+00 0.000000000000000000e+00 0.000000000000000000e+00 0.000000000000000000e+00 0.000000000000000000e+00 0.000000000000000000e+00
0.000000000000000000e+00 0.000000000000000000e+00 0.000000000000000000e+00 0.000000000000000000e+00 0.000000000000000000e+00 0.000000000000000000e+00 0.000000000000000000e+00 0.000000000000000000e+00
0.000000000000000000e+00 0.000000000000000000e+00 0.000000000000000000e+00 0.000000000000000000e+00 0.000000000000000000e+00 0.000000000000000000e+00 0.000000000000000000e+00 0.000000000000000000e+00
0.000000000000000000e+00 0.000000000000000000e+00 0.000000000000000000e+00 0.000000000000000000e+00 0.000000000000000000e+00 0.000000000000000000e+00 0.000000000000000000e+00 0.000000000000000000e+00
0.000000000000000000e+00 0.000000000000000000e+00 0.000000000000000000e+00 0.000000000000000000e+00 0.000000000000000000e+00 0.000000000000000000e+00 0.000000000000000000e+00 0.000000000000000000e+00
0.000000000000000000e+00 0.000000000000000000e+00 0.000000000000000000e+00 0.000000000000000000e+00 0.000000000000000000e+00 0.000000000000000000e+00 0.000000000000000000e+00 0.000000000000000000e+00
0.000000000000000000e+00 0.000000000000000000e+00 0.000000000000000000e+00 0.000000000000000000e+00 0.000000000000000000e+00 0.000000000000000000e+00 0.000000000000000000e+00 0.000000000000000000e+00
0.000000000000000000e+00 0.000000000000000000e+00 0.000000000000000000e+00 0.000000000000000000e+00 0.000000000000000000e+00 0.000000000000000000e+00 0.000000000000000000e+00 0.000000000000000000e+00
0.000000000000000000e+00 0.000000000000000000e+00 0.000000000000000000e+00 0.000000000000000000e+00 0.000000000000000000e+00 0.000000000000000000e+00 0.000000000000000000e+00 0.000000000000000000e+00
0.000000000000000000e+00 0.000000000000000000e+00 0.000000000000000000e+00 0.000000000000000000e+00 0.000000000000000000e+00 0.000000000000000000e+00 0.000000000000000000e+00 0.000000000000000000e+00
0.000000000000000000e+00 0.000000000000000000e+00 0.000000000000000000e+00 0.000000000000000000e+00 0.000000000000000000e+00 0.000000000000000000e+00 0.000000000000000000e+00 0.000000000000000000e+00
0.000000000000000000e+00 0.000000000000000000e+00 0.000000000000000000e+00 0.000000000000000000e+00 0.000000000000000000e+00 0.000000000000000000e+00 0.000000000000000000e+00 0.000000000000000000e+00
0.000000000000000000e+00 0.000000000000000000e+00 0.000000000000000000e+00 0.000000000000000000e+00 0.000000000000000000e+00 0.000000000000000000e+00 0.000000000000000000e+00 0.000000000000000000e+00
0.000000000000000000e+00 0.000000000000000000e+00 0.000000000000000000e+00 0.000000000000000000e+00 0.000000000000000000e+00 0.000000000000000000e+00 0.000000000000000000e+00 0.000000000000000000e+00
0.000000000000000000e+00 0.000000000000000000e+00 0.000000000000000000e+00 0.000000000000000000e+00 0.000000000000000000e+00 0.000000000000000000e+00 0.000000000000000000e+00 0.000000000000000000e+00
0.000000000000000000e+00 0.000000000000000000e+00 0.000000000000000000e+00 0.000000000000000000e+00 0.000000000000000000e+00 0.000000000000000000e+00 0.000000000000000000e+00 0.000000000000000000e+00
0.000000000000000000e+00 0.000000000000000000e+00 0.000000000000000000e+00 0.000000000000000000e+00 0.000000000000000000e+00 0.000000000000000000e+00 0.000000000000000000e+00 0.000000000000000000e+00
0.000000000000000000e+00 0.000000000000000000e+00 0.000000000000000000e+00 0.000000000000000000e+00 0.000000000000000000e+00 0.000000000000000000e+00 0.000000000000000000e+00 0.000000000000000000e+00
0.000000000000000000e+00 0.000000000000000000e+00 0.000000000000000000e+00 0.000000000000000000e+00 0.000000000000000000e+00 0.000000000000000000e+00 0.000000000000000000e+00 0.000000000000000000e+00
0.000000000000000000e+00 0.000000000000000000e+00 0.000000000000000000e+00 0.000000000000000000e+00 0.000000000000000000e+00 0.000000000000000000e+00 0.000000000000000000e+00 0.000000000000000000e+00
0.000000000000000000e+00 0.000000000000000000e+00 0.000000000000000000e+00 0.000000000000000000e+00 0.000000000000000000e+00 0.000000000000000000e+00 0.000000000000000000e+00 0.000000000000000000e+00
